101

VEHICLE
NUMBER     CAPACITY
   5         200

CUSTOMER
CUST NO.   XCOORD.   YCOORD.    DEMAND   READY TIME   DUE DATE   SERVICE TIME

   0          40      50           0           0        1236           0
   1          45      68          10           0        1127          90
   2          45      70          30           0        1125          90
   3          42      66          10           0        1129          90
   4          42      68          10         727         782          90
   5          42      65          10           0        1130          90
   6          40      69          20         621         702          90
   7          40      66          20           0        1130          90
   8          38      68          20         255         324          90
   9          38      70          10         534         605          90
  10          35      66          10         357         410          90
  11          35      69          10         448         505          90
  12          25      85          20           0        1107          90
  13          22      75          30          30          92          90
  14          22      85          10           0        1106          90
  15          20      80          40         384         429          90
  16          20      85          40           0        1105          90
  17          18      75          20          99         148          90
  18          15      75          20           0        1110          90
  19          15      80          10           0        1106          90
  20          30      50          10           0        1136          90
  21          30      52          20           0        1135          90
  22          28      52          20         812         883          90
  23          28      55          10         732         777          90
  24          25      50          10           0        1131          90
  25          25      52          40         169         224          90
  26          25      55          10           0        1130          90
  27          23      52          10         261         316          90
  28          23      55          20           0        1128          90
  29          20      50          10           0        1126          90
  30          20      55          10         449         504          90
  31          10      35          20           0        1112          90
  32          10      40          30           0        1114          90
  33           8      40          40          87         158          90
  34           8      45          20           0        1113          90
  35           5      35          10         283         344          90
  36           5      45          10         665         716          90
  37           2      40          20           0        1106          90
  38           0      40          30         479         522          90
  39           0      45          20         567         624          90
  40          35      30          10         264         321          90
  41          35      32          10         166         235          90
  42          33      32          20          68         149          90
  43          33      35          10           0        1129          90
  44          32      30          10         359         412          90
  45          30      30          10         541         600          90
  46          30      32          30           0        1125          90
  47          30      35          10           0        1127          90
  48          28      30          10           0        1122          90
  49          28      35          10        1001        1066          90
  50          26      32          10           0        1123          90
  51          25      30          10           0        1121          90
  52          25      35          10           0        1124          90
  53          44       5          20         286         347          90
  54          42      10          40           0        1105          90
  55          42      15          10          95         158          90
  56          40       5          30         385         436          90
  57          40      15          40           0        1111          90
  58          38       5          30         471         534          90
  59          38      15          10           0        1110          90
  60          35       5          20           0        1100          90
  61          50      30          10           0        1123          90
  62          50      35          20         262         317          90
  63          50      40          50           0        1131          90
  64          48      30          10         632         693          90
  65          48      40          10          76         129          90
  66          47      35          10         826         875          90
  67          47      40          10          12          77          90
  68          45      30          10         734         777          90
  69          45      35          10         916         969          90
  70          95      30          30         387         456          90
  71          95      35          20           0        1088          90
  72          53      30          10           0        1122          90
  73          92      30          10           0        1090          90
  74          53      35          50         353         412          90
  75          45      65          20           0        1130          90
  76          90      35          10         203         260          90
  77          88      30          10         574         643          90
  78          88      35          20         109         170          90
  79          87      30          10         668         731          90
  80          85      25          10         769         820          90
  81          85      35          30           0        1098          90
  82          75      55          20           0        1110          90
  83          72      55          10           0        1113          90
  84          70      58          20         458         523          90
  85          68      60          30           0        1116          90
  86          66      55          10           0        1119          90
  87          65      55          20          85         144          90
  88          65      60          30         645         708          90
  89          63      58          10           0        1121          90
  90          60      55          10           0        1125          90
  91          60      60          10           0        1123          90
  92          67      85          20         368         441          90
  93          65      85          40         475         518          90
  94          65      82          10           0        1105          90
  95          62      80          30           0        1108          90
  96          60      80          10           0        1109          90
  97          60      85          30           0        1105          90
  98          58      75          20           0        1115          90
  99          55      80          10         743         820          90
 100          55      85          20         647         726          90

BID NUMBER
27

BID NO.	  BID COST	 CUST NUMBER 	COVERED CUSTOMERS
    0       84.48       7      10       8       7       5      91      88      86
    1       80.70      10      91      96      95      94      92      93      97     100      99      98
    2       26.67       8      23      26      28      30      27      25      22      21
    3      106.48      12      80      79      77      73      70      71      76      78      81      82      83      86
    4       75.64      10       5       7      10      11       9       8       3      75      88      89
    5       66.84       7      20      24      25      27      29      49      47
    6       59.01       8      10      13      11       9       6       4       2       1
    7       70.02       8      22      26      28      30      18      17      23      21
    8       67.26       7      87      86      88      95      96      98      91
    9       43.46       7      31      35      37      38      39      36      34
   10       87.74       6      75       5       3       7       8      66
   11       89.65       7      81      82      83      84      85      89      90
   12       35.28       8       9       6       4       2       1       3       7       8
   13       87.60       6      11      10      67      20      21      23
   14       90.84      11      47      46      59      57      55      54      53      56      58      60      49
   15       40.45      10      65      63      62      74      72      61      64      68      66      69
   16       69.41      10      91      89      88      85      84      86      87      90      75       5
   17       45.42       6      15      13      17      19      16      14
   18       27.42       7      30      28      27      25      24      22      26
   19       23.55       7       7       8       9       6       4       3      75
   20       80.35       7      18      17      13      11      10      23      22
   21       36.43       5      19      16      14      12      15
   22       75.93       6      20      21      74      62      66      69
   23       56.89       8      24      25      27      26      28      30      29      52
   24       63.35       7      98      95      96      99       2       1       5
   25       20.68       3      32      33      31
   26       20.19       6      46      42      41      40      44      45
