101

VEHICLE
NUMBER     CAPACITY
   5         200

CUSTOMER
CUST NO.   XCOORD.   YCOORD.    DEMAND   READY TIME   DUE DATE   SERVICE TIME

   0          40      50           0           0        1236           0
   1          45      68          10         885         994          90
   2          45      70          30         802         893          90
   3          42      66          10          25         186          90
   4          42      68          10         699         810          90
   5          42      65          10          15         120          90
   6          40      69          20         580         743          90
   7          40      66          20         142         253          90
   8          38      68          20         220         359          90
   9          38      70          10         499         640          90
  10          35      66          10         331         436          90
  11          35      69          10         420         533          90
  12          25      85          20         617         756          90
  13          22      75          30          30         155          90
  14          22      85          10         541         646          90
  15          20      80          40         362         451          90
  16          20      85          40         448         555          90
  17          18      75          20          75         172          90
  18          15      75          20         142         291          90
  19          15      80          10         244         379          90
  20          30      50          10          10         137          90
  21          30      52          20         888         991          90
  22          28      52          20         776         919          90
  23          28      55          10         709         800          90
  24          25      50          10          25         184          90
  25          25      52          40         142         251          90
  26          25      55          10         582         741          90
  27          23      52          10         234         343          90
  28          23      55          20         523         616          90
  29          20      50          10         335         428          90
  30          20      55          10         422         531          90
  31          10      35          20         181         256          90
  32          10      40          30          31         170          90
  33           8      40          40          52         193          90
  34           8      45          20         719         848          90
  35           5      35          10         252         375          90
  36           5      45          10         639         742          90
  37           2      40          20         357         460          90
  38           0      40          30         457         544          90
  39           0      45          20         538         653          90
  40          35      30          10         236         349          90
  41          35      32          10         132         269          90
  42          33      32          20          27         190          90
  43          33      35          10          16         144          90
  44          32      30          10         332         439          90
  45          30      30          10         512         629          90
  46          30      32          30         417         540          90
  47          30      35          10         982        1127          90
  48          28      30          10         601         724          90
  49          28      35          10         969        1098          90
  50          26      32          10         783         912          90
  51          25      30          10         695         816          90
  52          25      35          10         883         998          90
  53          44       5          20         255         378          90
  54          42      10          40         150         293          90
  55          42      15          10          63         190          90
  56          40       5          30         359         462          90
  57          40      15          40          35         140          90
  58          38       5          30         439         566          90
  59          38      15          10         607         784          90
  60          35       5          20         529         662          90
  61          50      30          10         491         650          90
  62          50      35          20         235         344          90
  63          50      40          50         147         242          90
  64          48      30          10         601         724          90
  65          48      40          10          50         155          90
  66          47      35          10         802         899          90
  67          47      40          10          12         143          90
  68          45      30          10         712         799          90
  69          45      35          10         889         996          90
  70          95      30          30         353         490          90
  71          95      35          20         260         393          90
  72          53      30          10         422         533          90
  73          92      30          10         442         587          90
  74          53      35          50         323         442          90
  75          45      65          20         962        1103          90
  76          90      35          10         175         288          90
  77          88      30          10         539         678          90
  78          88      35          20          78         201          90
  79          87      30          10         636         763          90
  80          85      25          10         744         845          90
  81          85      35          30          47         201          90
  82          75      55          20         344         445          90
  83          72      55          10         228         375          90
  84          70      58          20         425         556          90
  85          68      60          30         527         640          90
  86          66      55          10         141         270          90
  87          65      55          20          56         173          90
  88          65      60          30         614         739          90
  89          63      58          10         705         834          90
  90          60      55          10          20         148          90
  91          60      60          10         809         916          90
  92          67      85          20         331         478          90
  93          65      85          40         453         540          90
  94          65      82          10         260         361          90
  95          62      80          30         174         261          90
  96          60      80          10          64         187          90
  97          60      85          30         531         652          90
  98          58      75          20          30         139          90
  99          55      80          10         705         858          90
 100          55      85          20         608         765          90

BID NUMBER
32

BID NO.	  BID COST	 CUST NUMBER 	COVERED CUSTOMERS
    0       59.24       9       8       9       6       2       4       3       5       7      21
    1       37.18      11      52      50      46      43      42      41      40      44      45      48      51
    2      157.60      10      49      81      78      76      71      70      73      77      79      80
    3       28.95      10       7       3       5      75       1       2       4       6       9       8
    4       58.02       6      24      20      22      23      10      11
    5       74.81       9      69      68      59      40      41      42      43      47      49
    6       58.13       8      25      46      44      45      48      51      50      52
    7      162.09      10      80      79      77      73      70      71      76      78      81      21
    8       48.49       3      13      11      10
    9       64.05       6      25      24       7       6       8       9
   10       13.52       3      21      20      22
   11       29.53       6      30      29      27      28      26      23
   12       82.92       9      60      58      56      53      54      55      57      59      47
   13       42.04      11      67      65      63      62      74      72      61      64      68      66      69
   14       76.69      11      90      87      86      83      82      84      85      88      89      91      75
   15       27.01       6      10       8       7       3       5      75
   16       63.40       6      13      15      11       9       6       4
   17       57.68       6      32      33      31      52      49      47
   18       77.37       6      41      40      60      58      56      53
   19       46.92       8      69      42      46      50      51      48      45      44
   20       91.20       7      43      35      37      38      39      36      34
   21       56.10       5      55      54      57      59      68
   22       92.66       5      74      81      72      61      64
   23       54.57       6      98      95      96      99       2       1
   24       89.06       7      17      18      19      16      14      12       1
   25       64.24       2      20      69
   26       18.52       5      21      22      25      27      24
   27       43.46       7      31      35      37      38      39      36      34
   28       64.89       7      32      33      29      30      28      26      23
   29       35.47      10      42      46      47      49      52      50      51      48      45      44
   30       43.93       5      68      40      41      43      66
   31      137.04       5      54      55      72      74      77
