101

VEHICLE
NUMBER     CAPACITY
   5         200

CUSTOMER
CUST NO.   XCOORD.   YCOORD.    DEMAND   READY TIME   DUE DATE   SERVICE TIME

   0          40      50           0           0        1236           0
   1          45      68          10         890         989          90
   2          45      70          30         816         879          90
   3          42      66          10          55         156          90
   4          42      68          10         703         806          90
   5          42      65          10          15          60          90
   6          40      69          20         559         764          90
   7          40      66          20         172         223          90
   8          38      68          20         250         329          90
   9          38      70          10         489         650          90
  10          35      66          10         361         406          90
  11          35      69          10         450         503          90
  12          25      85          20         647         726          90
  13          22      75          30          30          95          90
  14          22      85          10         571         616          90
  15          20      80          40         392         421          90
  16          20      85          40         478         525          90
  17          18      75          20         105         142          90
  18          15      75          20         172         261          90
  19          15      80          10         274         349          90
  20          30      50          10          10          77          90
  21          30      52          20         918         961          90
  22          28      52          20         806         889          90
  23          28      55          10         739         770          90
  24          25      50          10          55         154          90
  25          25      52          40         172         221          90
  26          25      55          10         612         711          90
  27          23      52          10         264         313          90
  28          23      55          20         553         586          90
  29          20      50          10         365         398          90
  30          20      55          10         452         501          90
  31          10      35          20         204         233          90
  32          10      40          30          31         189          90
  33           8      40          40          42         203          90
  34           8      45          20         715         852          90
  35           5      35          10         251         376          90
  36           5      45          10         648         733          90
  37           2      40          20         365         452          90
  38           0      40          30         474         527          90
  39           0      45          20         541         650          90
  40          35      30          10         240         345          90
  41          35      32          10         123         278          90
  42          33      32          20          19         225          90
  43          33      35          10          16         153          90
  44          32      30          10         338         433          90
  45          30      30          10         513         628          90
  46          30      32          30         415         542          90
  47          30      35          10         872        1127          90
  48          28      30          10         599         726          90
  49          28      35          10         917        1126          90
  50          26      32          10         779         916          90
  51          25      30          10         695         816          90
  52          25      35          10         857        1024          90
  53          44       5          20         221         412          90
  54          42      10          40          96         347          90
  55          42      15          10          35         233          90
  56          40       5          30         347         474          90
  57          40      15          40          35         172          90
  58          38       5          30         403         602          90
  59          38      15          10         521         870          90
  60          35       5          20         487         704          90
  61          50      30          10         422         719          90
  62          50      35          20         217         362          90
  63          50      40          50         142         247          90
  64          48      30          10         567         758          90
  65          48      40          10          34         171          90
  66          47      35          10         794         907          90
  67          47      40          10          12         226          90
  68          45      30          10         716         795          90
  69          45      35          10         873        1012          90
  70          95      30          30         266         577          90
  71          95      35          20         181         472          90
  72          53      30          10         402         553          90
  73          92      30          10         345         684          90
  74          53      35          50         294         471          90
  75          45      65          20         951        1114          90
  76          90      35          10         153         310          90
  77          88      30          10         450         767          90
  78          88      35          20          50         237          90
  79          87      30          10         567         832          90
  80          85      25          10         713         876          90
  81          85      35          30          47         331          90
  82          75      55          20         311         478          90
  83          72      55          10         127         476          90
  84          70      58          20         349         632          90
  85          68      60          30         476         691          90
  86          66      55          10          67         344          90
  87          65      55          20          25         256          90
  88          65      60          30         546         807          90
  89          63      58          10         630         909          90
  90          60      55          10          20         293          90
  91          60      60          10         769         956          90
  92          67      85          20         229         580          90
  93          65      85          40         442         551          90
  94          65      82          10         227         394          90
  95          62      80          30         163         272          90
  96          60      80          10          36         291          90
  97          60      85          30         469         714          90
  98          58      75          20          30         227          90
  99          55      80          10         595         968          90
 100          55      85          20         493         880          90

BID NUMBER
33

BID NO.	  BID COST	 CUST NUMBER 	COVERED CUSTOMERS
    0       15.13       4       4       3       1       2
    1       79.76       6      87      81      82      83      84      85
    2       26.00       5      10       8       7       3      75
    3       69.40       7      11      13      15       9       6       4       1
    4      118.47       8      17      18      19      16      14      12       2      91
    5       34.33      10      23      26      28      30      29      27      25      24      22      21
    6      166.61       7      55      57      59      52      49      47      81
    7       79.21       5      78      83      84      85      82
    8      121.75       7      86      87      63      74      72      79      77
    9      136.06       9       3      99     100      97      92      94      96      98      69
   10      106.18       5      64      67      65      63      80
   11       33.41       5      13      15      16      14      12
   12       36.19       9      10      11       9       6       7       4       2       1      75
   13      116.33      10      49      26      28      30      18      19      17      23      22      47
   14       92.56       9      40      41      42      43      52      34      36      39      38
   15      127.83       7      31      35      37      32      68      61      72
   16       78.68       5      74      62      44      45      57
   17       38.82       8      90      89      85      84      82      83      86      87
   18      137.68       6      59      48      46      21       8       5
   19       78.19       6      25      27      29      33      50      51
   20       32.81       8      81      78      76      71      70      73      77      79
   21      167.85       7      24      20      95      93      88      91      66
   22       86.79       7       5      17      18      19      16      14      12
   23       94.07       9      67      41      42      40      60      58      59      68      66
   24       43.46       7      31      35      37      38      39      36      34
   25       64.89       7      32      33      29      30      28      26      23
   26      101.39       9      86      78      76      71      70      73      77      79      80
   27       62.86       5      64      57      54      55      61
   28       92.40       4      63      69      56      53
   29       71.14       5      90      65      62      72      74
   30       37.19       6      94      92      93      97     100      99
   31       65.68       6      88      95      96      98      91      89
   32       63.36      11      20      49      52      50      51      48      45      44      46      47      43
