101

VEHICLE
NUMBER     CAPACITY
   5         200

CUSTOMER
CUST NO.   XCOORD.   YCOORD.    DEMAND   READY TIME   DUE DATE   SERVICE TIME

   0          40      50           0           0        1236           0
   1          45      68          10         850        1030          90
   2          45      70          30         758         938          90
   3          42      66          10          16         196          90
   4          42      68          10         665         845          90
   5          42      65          10          15         195          90
   6          40      69          20         572         752          90
   7          40      66          20         108         288          90
   8          38      68          20         200         380          90
   9          38      70          10         480         660          90
  10          35      66          10         294         474          90
  11          35      69          10         387         567          90
  12          25      85          20         597         777          90
  13          22      75          30          30         210          90
  14          22      85          10         504         684          90
  15          20      80          40         317         497          90
  16          20      85          40         412         592          90
  17          18      75          20          34         214          90
  18          15      75          20         127         307          90
  19          15      80          10         222         402          90
  20          30      50          10          10         190          90
  21          30      52          20         850        1030          90
  22          28      52          20         758         938          90
  23          28      55          10         665         845          90
  24          25      50          10          15         195          90
  25          25      52          40         107         287          90
  26          25      55          10         572         752          90
  27          23      52          10         199         379          90
  28          23      55          20         480         660          90
  29          20      50          10         292         472          90
  30          20      55          10         387         567          90
  31          10      35          20         129         309          90
  32          10      40          30          31         211          90
  33           8      40          40          33         213          90
  34           8      45          20         694         874          90
  35           5      35          10         224         404          90
  36           5      45          10         601         781          90
  37           2      40          20         319         499          90
  38           0      40          30         411         591          90
  39           0      45          20         506         686          90
  40          35      30          10         203         383          90
  41          35      32          10         111         291          90
  42          33      32          20          19         199          90
  43          33      35          10          16         196          90
  44          32      30          10         296         476          90
  45          30      30          10         481         661          90
  46          30      32          30         389         569          90
  47          30      35          10         947        1127          90
  48          28      30          10         573         753          90
  49          28      35          10         944        1124          90
  50          26      32          10         758         938          90
  51          25      30          10         666         846          90
  52          25      35          10         851        1031          90
  53          44       5          20         227         407          90
  54          42      10          40         132         312          90
  55          42      15          10          37         217          90
  56          40       5          30         321         501          90
  57          40      15          40          35         215          90
  58          38       5          30         413         593          90
  59          38      15          10         606         786          90
  60          35       5          20         506         686          90
  61          50      30          10         481         661          90
  62          50      35          20         200         380          90
  63          50      40          50         105         285          90
  64          48      30          10         573         753          90
  65          48      40          10          13         193          90
  66          47      35          10         761         941          90
  67          47      40          10          12         192          90
  68          45      30          10         666         846          90
  69          45      35          10         853        1033          90
  70          95      30          30         332         512          90
  71          95      35          20         237         417          90
  72          53      30          10         388         568          90
  73          92      30          10         425         605          90
  74          53      35          50         293         473          90
  75          45      65          20         943        1123          90
  76          90      35          10         142         322          90
  77          88      30          10         519         699          90
  78          88      35          20          50         230          90
  79          87      30          10         610         790          90
  80          85      25          10         705         885          90
  81          85      35          30          47         227          90
  82          75      55          20         305         485          90
  83          72      55          10         212         392          90
  84          70      58          20         401         581          90
  85          68      60          30         494         674          90
  86          66      55          10         116         296          90
  87          65      55          20          25         205          90
  88          65      60          30         587         767          90
  89          63      58          10         680         860          90
  90          60      55          10          20         200          90
  91          60      60          10         773         953          90
  92          67      85          20         315         495          90
  93          65      85          40         407         587          90
  94          65      82          10         221         401          90
  95          62      80          30         128         308          90
  96          60      80          10          36         216          90
  97          60      85          30         502         682          90
  98          58      75          20          30         210          90
  99          55      80          10         692         872          90
 100          55      85          20         597         777          90

BID NUMBER
29

BID NO.	  BID COST	 CUST NUMBER 	COVERED CUSTOMERS
    0       93.40       8      13      17      18      19      15      16      14      12
    1      105.04      10      90      87      86      83      82      84      85      88      89      91
    2       59.38       5      45      55      57      51      50
    3       72.61       7      25      27      28      18      17      23      21
    4       93.62       8      26      13      15      19      16      14      12      20
    5      173.11       9      18      39      30      27      23      75     100      13      17
    6      106.37      10      14      12       9       4       1      91       5       3       7      11
    7      122.17       8      34      46      59      57      40      42      21      26
    8      129.34	    9      28      25      52      50      51      48      45      20      16
    9       77.72       7      41      55      54      53      56      58      60
   10       87.86      10       7       5       3       4       6       9       8      11      10      21
   11       29.53       8      24      25      27      29      30      28      26      22
   12       89.51      10      43      42      41      40      44      45      48      46      47      49
   13       97.52      11      59      57      55      54      53      56      58      60      51      50      52
   14       84.24       9      32      33      31      35      37      38      39      36      34
   15       98.00      12       1       2      99     100      97      93      92      94      95      96      98      75
   16       83.31       5       3       5      75      91      63
   17       74.88       5      19      15       8       6      12
   18       53.12       5      13      11      10       7       9
   19      100.79       4      17      34      39      18
   20       55.08       6      20      43      41      46      47      49
   21       94.68      10      21      42      40      57      44      45      48      51      50      52
   22      153.06      10       1      81      78      76      71      70      73      77      79      80
   23       57.08       5      96      95      98       2       4
   24      115.46      11      67      34      36      39      38      37      35      52      49      47      43
   25       61.30       5      65      44      68      66      74
   26       89.26       8      69      50      32      33      31      51      48      45
   27      105.09       6      81      63      62      72      79      77
   28      136.74       8      78      41      42      46      40      64      61      80
