101

VEHICLE
NUMBER     CAPACITY
   2         700

CUSTOMER
CUST NO.   XCOORD.   YCOORD.    DEMAND   READY TIME   DUE DATE   SERVICE TIME

   0          40      50           0       0        3390           0
   1          52      75          10       0        3272          90
   2          45      70          30       0        3279          90
   3          62      69          10       0        3270          90
   4          60      66          10    1261        1421          90
   5          42      65          10       0        3284          90
   6          16      42          20       0        3274          90
   7          58      70          20       0        3273          90
   8          34      60          20    2887        3047          90
   9          28      70          10    2601        2761          90
  10          35      66          10       0        3283          90
  11          35      69          10    2698        2858          90
  12          25      85          20       0        3261          90
  13          22      75          30    2405        2565          90
  14          22      85          10       0        3260          90
  15          20      80          40    2216        2376          90
  16          20      85          40       0        3259          90
  17          18      75          20       0        3266          90
  18          15      75          20       0        3264          90
  19          15      80          10       0        3260          90
  20          30      50          10       0        3290          90
  21          30      56          20       0        3288          90
  22          28      52          20       0        3287          90
  23          14      66          10    1643        1803          90
  24          25      50          10       0        3285          90
  25          22      66          40    2504        2664          90
  26           8      62          10       0        3265          90
  27          23      52          10       0        3282          90
  28           4      55          20       0        3263          90
  29          20      50          10       0        3280          90
  30          20      55          10       0        3279          90
  31          10      35          20       0        3266          90
  32          10      40          30       0        3268          90
  33           8      40          40       0        3266          90
  34           8      45          20       0        3267          90
  35           5      35          10       0        3261          90
  36           5      45          10       0        3264          90
  37           2      40          20       0        3260          90
  38           0      40          30    1063        1223          90
  39           0      45          20       0        3259          90
  40          36      18          10       0        3267          90
  41          35      32          10       0        3281          90
  42          33      32          20       0        3280          90
  43          33      35          10       0        3283          90
  44          32      20          10    1913        2073          90
  45          30      30          10       0        3277          90
  46          34      25          30       0        3274          90
  47          30      35          10       0        3281          90
  48          36      40          10       0        3289          90
  49          48      20          10       0        3268          90
  50          26      32          10       0        3277          90
  51          25      30          10       0        3275          90
  52          25      35          10       0        3278          90
  53          44       5          20    1256        1416          90
  54          42      10          40       0        3259          90
  55          42      15          10    1065        1225          90
  56          40       5          30       0        3255          90
  57          38      15          40       0        3264          90
  58          38       5          30    1442        1602          90
  59          38      10          10       0        3259          90
  60          35       5          20       0        3254          90
  61          50      30          10       0        3277          90
  62          50      35          20     120         280          90
  63          50      40          50       0        3285          90
  64          48      30          10       0        3278          90
  65          44      25          10       0        3274          90
  66          47      35          10       0        3283          90
  67          47      40          10      12         172          90
  68          42      30          10       0        3279          90
  69          45      35          10     680         840          90
  70          95      30          30       0        3241          90
  71          95      35          20       0        3242          90
  72          53      30          10       0        3276          90
  73          92      30          10       0        3244          90
  74          53      35          50     213         373          90
  75          45      65          20       0        3284          90
  76          90      35          10    2131        2291          90
  77          72      45          10    2900        3060          90
  78          78      40          20       0        3260          90
  79          87      30          10    2608        2768          90
  80          85      25          10       0        3248          90
  81          85      35          30       0        3252          90
  82          75      55          20       0        3264          90
  83          72      55          10       0        3267          90
  84          70      58          20    1641        1801          90
  85          86      46          30       0        3253          90
  86          66      55          10       0        3273          90
  87          64      46          20    3097        3257          90
  88          65      60          30       0        3273          90
  89          56      64          10       0        3278          90
  90          60      55          10       0        3279          90
  91          60      60          10       0        3277          90
  92          67      85          20     694         854          90
  93          42      58          40       0        3291          90
  94          65      82          10       0        3259          90
  95          62      80          30       0        3262          90
  96          62      40          10       0        3275          90
  97          60      85          30       0        3259          90
  98          58      75          20       0        3269          90
  99          55      80          10     407         567          90
 100          55      85          20     502         662          90

BID NUMBER
26

BID NO.	  BID COST	 CUST NUMBER 	COVERED CUSTOMERS
    0       88.32      12      27      29      32      33      31      35      37      38      39      36      34      30
    1       80.79       8       5      67      65      62      74      63      75       4
    2      117.66      12       7      47      49      46      45      48      51      50      52      32      29      28
    3       87.88      10      13      15      12      14      16      19      18      17      30      27
    4       20.22       5      24      25      28      26      23
    5       80.58       9      67      65      63      74      62      64      68      69      20
    6       34.67      11       7       5       3       1       2       4       6       8       9      11      10
    7       34.67      10      99     100      97      93      92      94      95      96      98      75
    8       39.41      12      49      47      43      42      40      44      46      45      48      51      50      52
    9      148.82      11      12      14      16      15      19      18      17      13      91      88      94
   10       80.01      12      97       9      11       8       6       4       3       5      75       1       2      98
   11       95.13      11      65      67      41      40      64      61      72      74      62      63      90
   12      153.18      12      95      83      81      80      79      77      73      70      71      76      78      82
   13       79.62       8      96      85      84      86      87      89      99     100
   14       89.24      11      66      68      55      54      53      56      58      60      59      57      69
   15       42.04      11      69      66      68      64      61      72      74      62      63      65      67
   16       38.80      12      47      43      42      41      40      44      45      46      48      51      50      49
   17       77.50      10      98      96      95      94      92      93      97     100      99       5
   18       69.79      12      22      75       1       2       4       3       7       6       8       9      11      10
   19      160.42      10      80      79      77      73      70      71      76      78      81      20
   20      134.49      12      21      91      89      88      85      84      82      83      86      87      90      52
   21       82.90       9      17      18      19      16      14      12      15      13      26
   22       30.81       6      25      23      28      30      29      27
   23       83.96      11      21      69      66      62      74      72      61      64      68      20      22
   24       69.14      12      26      49      47      46      42      44      45      48      51      50      52      24
   25       82.75      11      43      40      59      60      58      56      53      54      55      57      41
