101

VEHICLE
NUMBER     CAPACITY
   2         700

CUSTOMER
CUST NO.   XCOORD.   YCOORD.    DEMAND   READY TIME   DUE DATE   SERVICE TIME

   0          40      50           0       0        3390           0
   1          52      75          10     231         551          90
   2          45      70          30     133         453          90
   3          62      69          10    1087        1407          90
   4          60      66          10    1181        1501          90
   5          42      65          10      15         335          90
   6          16      42          20     417         737          90
   7          58      70          20     993        1313          90
   8          34      60          20    2807        3127          90
   9          28      70          10    2521        2841          90
  10          35      66          10    2711        3031          90
  11          35      69          10    2618        2938          90
  12          25      85          20    2039        2359          90
  13          22      75          30    2325        2645          90
  14          22      85          10    1946        2266          90
  15          20      80          40    2136        2456          90
  16          20      85          40    1854        2174          90
  17          18      75          20    2231        2551          90
  18          15      75          20    1662        1982          90
  19          15      80          10    1757        2077          90
  20          30      50          10      10         330          90
  21          30      56          20    2903        3223          90
  22          28      52          20      12         332          90
  23          14      66          10    1563        1883          90
  24          25      50          10      36         356          90
  25          22      66          40    2424        2744          90
  26           8      62          10    1465        1785          90
  27          23      52          10     129         449          90
  28           4      55          20    1367        1687          90
  29          20      50          10     318         638          90
  30          20      55          10     223         543          90
  31          10      35          20     701        1021          90
  32          10      40          30     513         833          90
  33           8      40          40     605         925          90
  34           8      45          20    1266        1586          90
  35           5      35          10     796        1116          90
  36           5      45          10    1173        1493          90
  37           2      40          20     891        1211          90
  38           0      40          30     983        1303          90
  39           0      45          20    1078        1398          90
  40          36      18          10    1739        2059          90
  41          35      32          10    2678        2998          90
  42          33      32          20    2586        2906          90
  43          33      35          10    2493        2813          90
  44          32      20          10    1833        2153          90
  45          30      30          10    2025        2345          90
  46          34      25          30    1929        2249          90
  47          30      35          10    2400        2720          90
  48          36      40          10    2776        3096          90
  49          48      20          10     887        1207          90
  50          26      32          10    2212        2532          90
  51          25      30          10    2120        2440          90
  52          25      35          10    2305        2625          90
  53          44       5          20    1176        1496          90
  54          42      10          40    1080        1400          90
  55          42      15          10     985        1305          90
  56          40       5          30    1270        1590          90
  57          38      15          40    1645        1965          90
  58          38       5          30    1362        1682          90
  59          38      10          10    1550        1870          90
  60          35       5          20    1455        1775          90
  61          50      30          10     321         641          90
  62          50      35          20      40         360          90
  63          50      40          50      14         334          90
  64          48      30          10     413         733          90
  65          44      25          10     791        1111          90
  66          47      35          10     508         828          90
  67          47      40          10      12         332          90
  68          42      30          10     696        1016          90
  69          45      35          10     600         920          90
  70          95      30          30    2241        2561          90
  71          95      35          20    2146        2466          90
  72          53      30          10     228         548          90
  73          92      30          10    2334        2654          90
  74          53      35          50     133         453          90
  75          45      65          20      38         358          90
  76          90      35          10    2051        2371          90
  77          72      45          10    2820        3140          90
  78          78      40          20    2722        3042          90
  79          87      30          10    2528        2848          90
  80          85      25          10    2433        2753          90
  81          85      35          30    2623        2943          90
  82          75      55          20    1845        2165          90
  83          72      55          10    1752        2072          90
  84          70      58          20    1561        1881          90
  85          86      46          30    1949        2269          90
  86          66      55          10    1656        1976          90
  87          64      46          20    2955        3275          90
  88          65      60          30    1466        1786          90
  89          56      64          10    1275        1595          90
  90          60      55          10    2959        3279          90
  91          60      60          10    1371        1691          90
  92          67      85          20     614         934          90
  93          42      58          40       8         328          90
  94          65      82          10     708        1028          90
  95          62      80          30     801        1121          90
  96          62      40          10    2921        3241          90
  97          60      85          30     517         837          90
  98          58      75          20     898        1218          90
  99          55      80          10     327         647          90
 100          55      85          20     422         742          90

BID NUMBER
32

BID NO.	  BID COST	 CUST NUMBER 	COVERED CUSTOMERS
    0       59.24       9       8       9       6       2       4       3       5       7      21
    1       37.18      11      52      50      46      43      42      41      40      44      45      48      51
    2      157.60      10      49      81      78      76      71      70      73      77      79      80
    3       28.95      10       7       3       5      75       1       2       4       6       9       8
    4       58.02       6      24      20      22      23      10      11
    5       74.81       9      69      68      59      40      41      42      43      47      49
    6       58.13       8      25      46      44      45      48      51      50      52
    7      162.09      10      80      79      77      73      70      71      76      78      81      21
    8       48.49       3      13      11      10
    9       64.05       6      25      24       7       6       8       9
   10       13.52       3      21      20      22
   11       29.53       6      30      29      27      28      26      23
   12       82.92       9      60      58      56      53      54      55      57      59      47
   13       42.04      11      67      65      63      62      74      72      61      64      68      66      69
   14       76.69      11      90      87      86      83      82      84      85      88      89      91      75
   15       27.01       6      10       8       7       3       5      75
   16       63.40       6      13      15      11       9       6       4
   17       57.68       6      32      33      31      52      49      47
   18       77.37       6      41      40      60      58      56      53
   19       46.92       8      69      42      46      50      51      48      45      44
   20       91.20       7      43      35      37      38      39      36      34
   21       56.10       5      55      54      57      59      68
   22       92.66       5      74      81      72      61      64
   23       54.57       6      98      95      96      99       2       1
   24       89.06       7      17      18      19      16      14      12       1
   25       64.24       2      20      69
   26       18.52       5      21      22      25      27      24
   27       43.46       7      31      35      37      38      39      36      34
   28       64.89       7      32      33      29      30      28      26      23
   29       35.47      10      42      46      47      49      52      50      51      48      45      44
   30       43.93       5      68      40      41      43      66
   31      137.04       5      54      55      72      74      77
