101

VEHICLE
NUMBER     CAPACITY
   2         700

CUSTOMER
CUST NO.   XCOORD.   YCOORD.    DEMAND   READY TIME   DUE DATE   SERVICE TIME

   0          40      50           0       0        3390           0
   1          52      75          10     302         479          90
   2          45      70          30     157         428          90
   3          62      69          10    1138        1355          90
   4          60      66          10    1247        1434          90
   5          42      65          10      15         208          90
   6          16      42          20     209         944          90
   7          58      70          20    1059        1246          90
   8          34      60          20    2035        3288          90
   9          28      70          10    2090        3271          90
  10          35      66          10    2311        3283          90
  11          35      69          10    2428        3127          90
  12          25      85          20    1772        2625          90
  13          22      75          30    2135        2834          90
  14          22      85          10    1586        2625          90
  15          20      80          40    1858        2733          90
  16          20      85          40    1512        2515          90
  17          18      75          20    1895        2886          90
  18          15      75          20    1299        2344          90
  19          15      80          10    1461        2372          90
  20          30      50          10      10         963          90
  21          30      56          20    2062        3288          90
  22          28      52          20      12         752          90
  23          14      66          10    1316        2129          90
  24          25      50          10      15         532          90
  25          22      66          40    2177        2990          90
  26           8      62          10    1036        2213          90
  27          23      52          10      17         602          90
  28           4      55          20    1010        2043          90
  29          20      50          10      20         948          90
  30          20      55          10      63         702          90
  31          10      35          20     309        1412          90
  32          10      40          30     336        1009          90
  33           8      40          40     234        1295          90
  34           8      45          20     954        1897          90
  35           5      35          10     377        1534          90
  36           5      45          10     819        1846          90
  37           2      40          20     494        1607          90
  38           0      40          30     637        1648          90
  39           0      45          20     834        1641          90
  40          36      18          10    1468        2329          90
  41          35      32          10    2480        3195          90
  42          33      32          20    2421        3070          90
  43          33      35          10    2368        2937          90
  44          32      20          10    1621        2364          90
  45          30      30          10    1805        2564          90
  46          34      25          30    1782        2395          90
  47          30      35          10    2242        2877          90
  48          36      40          10    2605        3266          90
  49          48      20          10     812        1281          90
  50          26      32          10    1842        2901          90
  51          25      30          10    1883        2676          90
  52          25      35          10    2070        2859          90
  53          44       5          20    1078        1593          90
  54          42      10          40     998        1481          90
  55          42      15          10     897        1392          90
  56          40       5          30    1083        1776          90
  57          38      15          40    1426        2183          90
  58          38       5          30    1133        1910          90
  59          38      10          10    1392        2027          90
  60          35       5          20    1180        2049          90
  61          50      30          10     223         738          90
  62          50      35          20      18         474          90
  63          50      40          50      14         360          90
  64          48      30          10     246         899          90
  65          44      25          10     704        1197          90
  66          47      35          10     393         942          90
  67          47      40          10      12         424          90
  68          42      30          10     641        1070          90
  69          45      35          10     534         985          90
  70          95      30          30    2119        2682          90
  71          95      35          20    2192        2419          90
  72          53      30          10     131         644          90
  73          92      30          10    2169        2818          90
  74          53      35          50      87         498          90
  75          45      65          20      49         346          90
  76          90      35          10    2106        2315          90
  77          72      45          10    2701        3258          90
  78          78      40          20    2599        3164          90
  79          87      30          10    2505        2870          90
  80          85      25          10    2369        2816          90
  81          85      35          30    2563        3002          90
  82          75      55          20    1894        2115          90
  83          72      55          10    1751        2072          90
  84          70      58          20    1617        1824          90
  85          86      46          30    1969        2248          90
  86          66      55          10    1710        1921          90
  87          64      46          20    2976        3275          90
  88          65      60          30    1482        1769          90
  89          56      64          10    1275        1594          90
  90          60      55          10    2789        3279          90
  91          60      60          10    1440        1621          90
  92          67      85          20     646         901          90
  93          42      58          40       8         258          90
  94          65      82          10     708        1027          90
  95          62      80          30     852        1069          90
  96          62      40          10    2713        3275          90
  97          60      85          30     537         816          90
  98          58      75          20     948        1167          90
  99          55      80          10     379         594          90
 100          55      85          20     477         686          90

BID NUMBER
29

BID NO.	  BID COST	 CUST NUMBER 	COVERED CUSTOMERS
    0       93.40       8      13      17      18      19      15      16      14      12
    1      105.04      10      90      87      86      83      82      84      85      88      89      91
    2       59.38       5      45      55      57      51      50
    3       72.61       7      25      27      28      18      17      23      21
    4       93.62       8      26      13      15      19      16      14      12      20
    5      173.11       9      18      39      30      27      23      75     100      13      17
    6      106.37      10      14      12       9       4       1      91       5       3       7      11
    7      122.17       8      34      46      59      57      40      42      21      26
    8      129.34	    9      28      25      52      50      51      48      45      20      16
    9       77.72       7      41      55      54      53      56      58      60
   10       87.86      10       7       5       3       4       6       9       8      11      10      21
   11       29.53       8      24      25      27      29      30      28      26      22
   12       89.51      10      43      42      41      40      44      45      48      46      47      49
   13       97.52      11      59      57      55      54      53      56      58      60      51      50      52
   14       84.24       9      32      33      31      35      37      38      39      36      34
   15       98.00      12       1       2      99     100      97      93      92      94      95      96      98      75
   16       83.31       5       3       5      75      91      63
   17       74.88       5      19      15       8       6      12
   18       53.12       5      13      11      10       7       9
   19      100.79       4      17      34      39      18
   20       55.08       6      20      43      41      46      47      49
   21       94.68      10      21      42      40      57      44      45      48      51      50      52
   22      153.06      10       1      81      78      76      71      70      73      77      79      80
   23       57.08       5      96      95      98       2       4
   24      115.46      11      67      34      36      39      38      37      35      52      49      47      43
   25       61.30       5      65      44      68      66      74
   26       89.26       8      69      50      32      33      31      51      48      45
   27      105.09       6      81      63      62      72      79      77
   28      136.74       8      78      41      42      46      40      64      61      80
