101

VEHICLE
NUMBER     CAPACITY
   2         700

CUSTOMER
CUST NO.   XCOORD.   YCOORD.    DEMAND   READY TIME   DUE DATE   SERVICE TIME

   0          40      50           0       0        3390           0
   1          52      75          10      71         711          90
   2          45      70          30      20         660          90
   3          62      69          10     927        1567          90
   4          60      66          10    1021        1661          90
   5          42      65          10      15         655          90
   6          16      42          20     257         897          90
   7          58      70          20     833        1473          90
   8          34      60          20    2647        3287          90
   9          28      70          10    2361        3001          90
  10          35      66          10    2551        3191          90
  11          35      69          10    2458        3098          90
  12          25      85          20    1879        2519          90
  13          22      75          30    2165        2805          90
  14          22      85          10    1786        2426          90
  15          20      80          40    1976        2616          90
  16          20      85          40    1694        2334          90
  17          18      75          20    2071        2711          90
  18          15      75          20    1502        2142          90
  19          15      80          10    1597        2237          90
  20          30      50          10      10         650          90
  21          30      56          20    2648        3288          90
  22          28      52          20      12         652          90
  23          14      66          10    1403        2043          90
  24          25      50          10      15         655          90
  25          22      66          40    2264        2904          90
  26           8      62          10    1305        1945          90
  27          23      52          10      17         657          90
  28           4      55          20    1207        1847          90
  29          20      50          10     158         798          90
  30          20      55          10      63         703          90
  31          10      35          20     541        1181          90
  32          10      40          30     353         993          90
  33           8      40          40     445        1085          90
  34           8      45          20    1106        1746          90
  35           5      35          10     636        1276          90
  36           5      45          10    1013        1653          90
  37           2      40          20     731        1371          90
  38           0      40          30     823        1463          90
  39           0      45          20     918        1558          90
  40          36      18          10    1579        2219          90
  41          35      32          10    2518        3158          90
  42          33      32          20    2426        3066          90
  43          33      35          10    2333        2973          90
  44          32      20          10    1673        2313          90
  45          30      30          10    1865        2505          90
  46          34      25          30    1769        2409          90
  47          30      35          10    2240        2880          90
  48          36      40          10    2616        3256          90
  49          48      20          10     727        1367          90
  50          26      32          10    2052        2692          90
  51          25      30          10    1960        2600          90
  52          25      35          10    2145        2785          90
  53          44       5          20    1016        1656          90
  54          42      10          40     920        1560          90
  55          42      15          10     825        1465          90
  56          40       5          30    1110        1750          90
  57          38      15          40    1485        2125          90
  58          38       5          30    1202        1842          90
  59          38      10          10    1390        2030          90
  60          35       5          20    1295        1935          90
  61          50      30          10     161         801          90
  62          50      35          20      18         658          90
  63          50      40          50      14         654          90
  64          48      30          10     253         893          90
  65          44      25          10     631        1271          90
  66          47      35          10     348         988          90
  67          47      40          10      12         652          90
  68          42      30          10     536        1176          90
  69          45      35          10     440        1080          90
  70          95      30          30    2081        2721          90
  71          95      35          20    1986        2626          90
  72          53      30          10      68         708          90
  73          92      30          10    2174        2814          90
  74          53      35          50      19         659          90
  75          45      65          20      15         655          90
  76          90      35          10    1891        2531          90
  77          72      45          10    2627        3267          90
  78          78      40          20    2562        3202          90
  79          87      30          10    2368        3008          90
  80          85      25          10    2273        2913          90
  81          85      35          30    2463        3103          90
  82          75      55          20    1685        2325          90
  83          72      55          10    1592        2232          90
  84          70      58          20    1401        2041          90
  85          86      46          30    1789        2429          90
  86          66      55          10    1496        2136          90
  87          64      46          20    2635        3275          90
  88          65      60          30    1306        1946          90
  89          56      64          10    1115        1755          90
  90          60      55          10    2639        3279          90
  91          60      60          10    1211        1851          90
  92          67      85          20     454        1094          90
  93          42      58          40       8         648          90
  94          65      82          10     548        1188          90
  95          62      80          30     641        1281          90
  96          62      40          10    2635        3275          90
  97          60      85          30     357         997          90
  98          58      75          20     738        1378          90
  99          55      80          10     167         807          90
 100          55      85          20     262         902          90

BID NUMBER
29

BID NO.	  BID COST	 CUST NUMBER 	COVERED CUSTOMERS
    0       30.41      10       8       9       6       4       2       1      75       5       3       7
    1       50.12       8      13      15      12      14      16      19      18      17
    2       59.06       7       5      75      98      99       2       1       3
    3       67.69       5      13      11      10      26      28
    4       57.45       8      25      22      23       7       4       6       9       8
    5       94.36       9      24      42      57      59      45      48      51      50      52
    6       69.08       6       3       1       2      98      95     100
    7       50.87       5       6       4       5       7      23
    8       63.75       5      18      17      13      28      30
    9       56.32       5      34      24      20      22      25
   10      102.12       7      11       9       8      10      26      27      36
   11       39.83       9      50      46      42      41      40      44      45      48      51
   12       86.02       5      52      59      57      55      60
   13       82.81       6      81      82      83      84      85      89
   14       99.30       7      75      91      88      86      87      90      21
   15       38.47       6      96      94      92      93      97      99
   16       48.22       8       1       3       8      10      11       9       6       2
   17       96.57       7      75       5       7      21      22      25      47
   18      130.64       5      99      12      13      91      89
   19       82.48       9      20      31      35      37      38      39      36      34      24
   20       99.33       9      23      27      29      32      33      30      28      26       4
   21       37.10       8      90      87      86      83      82      84      85      88
   22       38.65       6      54      53      56      58      60      59
   23       66.66       7      67      69      68      57      55      64      66
   24       43.07       9      81      78      76      71      70      73      77      79      80
   25       33.94       6      95      94      92      93      97     100
   26      120.79       7      96      14      16      15      19      18      17
   27       75.30      10      50      52      32      33      34      36      39      38      37      31
   28       40.59       7      57      55      54      53      56      58      60
