101

VEHICLE
NUMBER     CAPACITY
   6         200

CUSTOMER
CUST NO.   XCOORD.   YCOORD.    DEMAND   READY TIME   DUE DATE   SERVICE TIME

   0          35      35           0           0         230           0
   1          41      49          10           0         204          10
   2          35      17           7           0         202          10
   3          55      45          13           0         197          10
   4          55      20          19         139         169          10
   5          15      30          26           0         199          10
   6          25      30           3          89         119          10
   7          20      50           5           0         198          10
   8          10      43           9          85         115          10
   9          55      60          16          87         117          10
  10          30      60          16         114         144          10
  11          20      65          12          57          87          10
  12          50      35          19           0         205          10
  13          30      25          23         149         179          10
  14          15      10          20          32          62          10
  15          30       5           8          51          81          10
  16          10      20          19          65          95          10
  17           5      30           2         147         177          10
  18          20      40          12          77         107          10
  19          15      60          17          66          96          10
  20          45      65           9         116         146          10
  21          45      20          11           0         201          10
  22          45      10          18          87         117          10
  23          55       5          29          58          88          10
  24          65      35           3         143         173          10
  25          65      20           6         156         186          10
  26          45      30          17           0         208          10
  27          35      40          16          27          57          10
  28          41      37          16          29          59          10
  29          64      42           9          53          83          10
  30          40      60          21          61          91          10
  31          31      52          27           0         202          10
  32          35      69          23         131         161          10
  33          53      52          11          27          57          10
  34          65      55          14           0         183          10
  35          63      65           8         133         163          10
  36           2      60           5          41          71          10
  37          20      20           8           0         198          10
  38           5       5          16          73         103          10
  39          60      12          31          34          64          10
  40          40      25           9          75         105          10
  41          42       7           5          87         117          10
  42          24      12           5          25          55          10
  43          23       3           7         122         152          10
  44          11      14          18          59          89          10
  45           6      38          16          29          59          10
  46           2      48           1         107         137          10
  47           8      56          27          41          71          10
  48          13      52          36           0         192          10
  49           6      68          30          98         128          10
  50          47      47          13           0         203          10
  51          49      58          10          78         108          10
  52          27      43           9           0         208          10
  53          37      31          14          85         115          10
  54          57      29          18         130         160          10
  55          63      23           2         126         156          10
  56          53      12           6         120         150          10
  57          32      12           7          91         121          10
  58          36      26          18         180         210          10
  59          21      24          28           0         202          10
  60          17      34           3         152         182          10
  61          12      24          13          66          96          10
  62          24      58          19          48          78          10
  63          27      69          10          34          64          10
  64          15      77           9          63          93          10
  65          62      77          20          49          79          10
  66          49      73          25         117         147          10
  67          67       5          25          73         103          10
  68          56      39          36         132         162          10
  69          37      47           6          40          70          10
  70          37      56           5         168         198          10
  71          57      68          15          67          97          10
  72          47      16          25           0         197          10
  73          44      17           9          68          98          10
  74          46      13           8         139         169          10
  75          49      11          18           0         192          10
  76          49      42          13          63          93          10
  77          53      43          14         169         199          10
  78          61      52           3          86         116          10
  79          57      48          23          82         112          10
  80          56      37           6         168         198          10
  81          55      54          26          84         114          10
  82          15      47          16           0         196          10
  83          14      37          11           0         198          10
  84          11      31           7          91         121          10
  85          16      22          41           0         196          10
  86           4      18          35          84         114          10
  87          28      18          26          83         113          10
  88          26      52           9          64          94          10
  89          26      35          15         166         196          10
  90          31      67           3          85         115          10
  91          15      19           1           0         194          10
  92          22      22           2          18          48          10
  93          18      24          22         169         199          10
  94          26      27          27           0         207          10
  95          25      24          20           0         205          10
  96          22      27          11           0         204          10
  97          25      21          12         123         153          10
  98          19      21          10           0         198          10
  99          20      26           9          73         103          10
 100          18      18          17         165         195          10

BID NUMBER
33

BID NO.	  BID COST	 CUST NUMBER 	COVERED CUSTOMERS
    0       85.79       7      69      76      77      68      54      12      53
    1       64.53       4      47      36      49      64
    2       75.77       4      23      67      55      54
    3      117.51       7      65      71       9      81       3      68      70
    4       83.57       6       1      76      50      51      20      66
    5       69.51       5      36      46       8      47      19
    6      134.32       6       7      52      53      12      24      88
    7      118.23       7      31      69       4      56      75      72      73
    8       75.93       5      86      44      14      84      83
    9       66.21       4      11      62      18      82
   10       62.51       6      86      38      14      44      91      85
   11      104.04       6      52      10      63      90      30      89
   12      115.27       7      94      76      54      55      25      21      40
   13       60.77       7      37     100      43      15      57      87      97
   14       54.38       6      99       6      53      13      95      98
   15      129.17      10      96      27      69       1      51       9      20      32      70      31
   16      102.18       5      66      65      71      35      77
   17       97.14       7      72      56      23      67      39       4      58
   18       76.81       8      92       2      73      74      75      22      41      42
   19      109.68       8      50      33      81      79       3      68      12      59
   20       80.73       6      18      88      45      17      84       5
   21       93.90       7       7      62      11      64      49      48      82
   22      105.17       7      28      78      34      29      24      80      26
   23       60.86       4      69      53       6      89
   24       68.44       5      90      63      64      11      10
   25      107.22       7       7      45      17      86      16      60      52
   26       59.92       6      51       3      68      77      76      50
   27      107.44       6      44      38      14      43      13      58
   28       59.79       4       9      71      65      66
   29      109.61       9       1      28      40      73      75      56       4      24      80
   30       82.52       8      27       2      41      22      74      72      21      26
   31       92.12       7      31      18      85     100      37      98      99
   32       64.33       7      97      87      57      15      42      93      96
