101

VEHICLE
NUMBER     CAPACITY
   5         200

CUSTOMER
CUST NO.   XCOORD.   YCOORD.    DEMAND   READY TIME   DUE DATE   SERVICE TIME

   0          35      35           0           0         230           0
   1          41      49          10           0         204          10
   2          35      17           7           0         202          10
   3          55      45          13           0         197          10
   4          55      20          19         139         169          10
   5          15      30          26           0         199          10
   6          25      30           3          89         119          10
   7          20      50           5           0         198          10
   8          10      43           9          85         115          10
   9          55      60          16          87         117          10
  10          30      60          16         114         144          10
  11          20      65          12          57          87          10
  12          50      35          19           0         205          10
  13          30      25          23         149         179          10
  14          15      10          20           0         187          10
  15          30       5           8          51          81          10
  16          10      20          19           0         190          10
  17           5      30           2         147         177          10
  18          20      40          12           0         204          10
  19          15      60          17           0         187          10
  20          45      65           9           0         188          10
  21          45      20          11           0         201          10
  22          45      10          18          87         117          10
  23          55       5          29          58          88          10
  24          65      35           3           0         190          10
  25          65      20           6         156         186          10
  26          45      30          17           0         208          10
  27          35      40          16          27          57          10
  28          41      37          16           0         213          10
  29          64      42           9           0         190          10
  30          40      60          21          61          91          10
  31          31      52          27           0         202          10
  32          35      69          23           0         186          10
  33          53      52          11          27          57          10
  34          65      55          14           0         183          10
  35          63      65           8         133         163          10
  36           2      60           5          41          71          10
  37          20      20           8           0         198          10
  38           5       5          16          73         103          10
  39          60      12          31          34          64          10
  40          40      25           9          75         105          10
  41          42       7           5          87         117          10
  42          24      12           5          25          55          10
  43          23       3           7           0         185          10
  44          11      14          18          59          89          10
  45           6      38          16          29          59          10
  46           2      48           1           0         184          10
  47           8      56          27           0         185          10
  48          13      52          36           0         192          10
  49           6      68          30          98         128          10
  50          47      47          13           0         203          10
  51          49      58          10           0         193          10
  52          27      43           9           0         208          10
  53          37      31          14          85         115          10
  54          57      29          18           0         197          10
  55          63      23           2         126         156          10
  56          53      12           6         120         150          10
  57          32      12           7           0         196          10
  58          36      26          18         180         210          10
  59          21      24          28           0         202          10
  60          17      34           3           0         201          10
  61          12      24          13           0         194          10
  62          24      58          19          48          78          10
  63          27      69          10           0         185          10
  64          15      77           9          63          93          10
  65          62      77          20          49          79          10
  66          49      73          25         117         147          10
  67          67       5          25          73         103          10
  68          56      39          36         132         162          10
  69          37      47           6          40          70          10
  70          37      56           5         168         198          10
  71          57      68          15           0         180          10
  72          47      16          25           0         197          10
  73          44      17           9           0         199          10
  74          46      13           8         139         169          10
  75          49      11          18           0         192          10
  76          49      42          13          63          93          10
  77          53      43          14         169         199          10
  78          61      52           3          86         116          10
  79          57      48          23          82         112          10
  80          56      37           6         168         198          10
  81          55      54          26           0         192          10
  82          15      47          16           0         196          10
  83          14      37          11           0         198          10
  84          11      31           7          91         121          10
  85          16      22          41           0         196          10
  86           4      18          35           0         184          10
  87          28      18          26          83         113          10
  88          26      52           9          64          94          10
  89          26      35          15           0         211          10
  90          31      67           3           0         187          10
  91          15      19           1           0         194          10
  92          22      22           2          18          48          10
  93          18      24          22         169         199          10
  94          26      27          27           0         207          10
  95          25      24          20           0         205          10
  96          22      27          11           0         204          10
  97          25      21          12           0         202          10
  98          19      21          10           0         198          10
  99          20      26           9          73         103          10
 100          18      18          17         165         195          10

BID NUMBER
30

BID NO.	  BID COST	 CUST NUMBER 	COVERED CUSTOMERS
    0       54.50      10      13      95      97      92      59      99      96       6      94      58
    1       77.90      11      27      18      60      96      99      59      97      95      94      13      58
    2      104.60       7      77      28      89       6      53      68      29
    3       89.84       7      92      93      98      44      38      16      17
    4       75.60       8      69      88       7      82       8      83      60      89
    5       70.44       7      53      40      73      74      72      21      12
    6       72.77       7      87      42      43      93      59      96       6
    7      113.94       8      27       5      17      86      16      61      99      28
    8       74.86       8      94      91      44      38      14     100      92      95
    9       84.11       9      18      45      84      85      98      37      97      13      58
   10       52.41       6      68      29      34      78      79       3
   11       74.03       6      16      44      14      38      86      17
   12       96.30       7      30      51       9      35      81      77      69
   13      112.01       7      84       5      82       7      48       8      36
   14       60.07       7      33      34      78      79       3      68      80
   15      109.33       7      73      75      23      56       4      26      89
   16       87.10      10      92      42      43      15      41      22      74      72      21      58
   17       85.98       8      18      27      53      40       2      57      13      94
   18      101.97       9      52       1      50      76      29      24      54      12      28
   19       68.73       7      19      11      62      10      70      31      88
   20       35.49       6      99      95      87      97      59      93
   21       83.59       6      62      11      64      49      19       7
   22       66.37       6      82      48      47      36      46       8
   23       57.26       6      26      12      80      68      76      28
   24      102.42       6      66      65      71      35       3      77
   25       66.57       8      91      44      86      38      14     100      37      92
   26       62.25       4      33      78      34       1
   27       82.06       5      42      15      41      43     100
   28       24.62       2      44      91
   29      253.88       4	   38	   44      65      64
