101

VEHICLE
NUMBER     CAPACITY
   5         200

CUSTOMER
CUST NO.   XCOORD.   YCOORD.    DEMAND   READY TIME   DUE DATE   SERVICE TIME

   0          35      35           0           0         230           0
   1          41      49          10           0         204          10
   2          35      17           7           0         202          10
   3          55      45          13           0         197          10
   4          55      20          19         139         169          10
   5          15      30          26           0         199          10
   6          25      30           3           0         208          10
   7          20      50           5           0         198          10
   8          10      43           9          85         115          10
   9          55      60          16          87         117          10
  10          30      60          16           0         194          10
  11          20      65          12          57          87          10
  12          50      35          19           0         205          10
  13          30      25          23         149         179          10
  14          15      10          20           0         187          10
  15          30       5           8          51          81          10
  16          10      20          19           0         190          10
  17           5      30           2           0         189          10
  18          20      40          12           0         204          10
  19          15      60          17           0         187          10
  20          45      65           9           0         188          10
  21          45      20          11           0         201          10
  22          45      10          18           0         193          10
  23          55       5          29          58          88          10
  24          65      35           3           0         190          10
  25          65      20           6         156         186          10
  26          45      30          17           0         208          10
  27          35      40          16           0         215          10
  28          41      37          16           0         213          10
  29          64      42           9           0         190          10
  30          40      60          21           0         194          10
  31          31      52          27           0         202          10
  32          35      69          23           0         186          10
  33          53      52          11           0         195          10
  34          65      55          14           0         183          10
  35          63      65           8           0         178          10
  36           2      60           5           0         178          10
  37          20      20           8           0         198          10
  38           5       5          16          73         103          10
  39          60      12          31           0         186          10
  40          40      25           9           0         208          10
  41          42       7           5           0         191          10
  42          24      12           5           0         194          10
  43          23       3           7           0         185          10
  44          11      14          18          59          89          10
  45           6      38          16           0         190          10
  46           2      48           1           0         184          10
  47           8      56          27           0         185          10
  48          13      52          36           0         192          10
  49           6      68          30           0         176          10
  50          47      47          13           0         203          10
  51          49      58          10           0         193          10
  52          27      43           9           0         208          10
  53          37      31          14          85         115          10
  54          57      29          18           0         197          10
  55          63      23           2         126         156          10
  56          53      12           6           0         190          10
  57          32      12           7           0         196          10
  58          36      26          18         180         210          10
  59          21      24          28           0         202          10
  60          17      34           3           0         201          10
  61          12      24          13           0         194          10
  62          24      58          19          48          78          10
  63          27      69          10           0         185          10
  64          15      77           9           0         173          10
  65          62      77          20           0         170          10
  66          49      73          25           0         179          10
  67          67       5          25          73         103          10
  68          56      39          36           0         198          10
  69          37      47           6          40          70          10
  70          37      56           5           0         198          10
  71          57      68          15           0         180          10
  72          47      16          25           0         197          10
  73          44      17           9           0         199          10
  74          46      13           8         139         169          10
  75          49      11          18           0         192          10
  76          49      42          13          63          93          10
  77          53      43          14         169         199          10
  78          61      52           3           0         188          10
  79          57      48          23          82         112          10
  80          56      37           6           0         198          10
  81          55      54          26           0         192          10
  82          15      47          16           0         196          10
  83          14      37          11           0         198          10
  84          11      31           7          91         121          10
  85          16      22          41           0         196          10
  86           4      18          35           0         184          10
  87          28      18          26          83         113          10
  88          26      52           9           0         200          10
  89          26      35          15           0         211          10
  90          31      67           3           0         187          10
  91          15      19           1           0         194          10
  92          22      22           2          18          48          10
  93          18      24          22           0         199          10
  94          26      27          27           0         207          10
  95          25      24          20           0         205          10
  96          22      27          11           0         204          10
  97          25      21          12           0         202          10
  98          19      21          10           0         198          10
  99          20      26           9          73         103          10
 100          18      18          17         165         195          10

BID NUMBER
24

BID NO.	  BID COST	 CUST NUMBER 	COVERED CUSTOMERS
    0       92.72      10      28      27      52       7      82       8      45      83      60       6
    1      102.36      10      12      69      31      10      63      90      32      30      70       1
    2       70.60      10      29      79      81       9      33       3      77      76      68      80
    3       66.15      10      27      89       6      96      99      59      37      97      13      58
    4       83.92       9      31      88       7      82       8      45      46      48      62
    5      124.95      10      81       1      69      52      18      83      17      84       5      60
    6      119.11      10      34      35      71      65      66      20      32      90      10      70
    7       53.19       7      79       3      77      76      50      33       9
    8       93.35      10      68      80      54      21      73       2      87      53      28      12
    9      130.66       9      51      63      64      49      36      47      19      11      30
   10      108.97       8       4      72      23      67      39      55      24      29
   11       95.70       9      40      54      24      29      34      78      79       3      77
   12       95.33       7      35      71      65      66      20      30      70
   13      110.17      11      14      43      15      41      22      74       4      21      73       2      42
   14       43.78       8      85      99      59      92      97      13      87      37
   15      112.90      10      94      27      69       1      51       9      81      33      50      95
   16       87.82      10      96       6      53      28      76      68      80      12      26      58
   17      106.70       9      57      75      56      23      67      39      25      55      72
   18       82.22      12      98      93       5      60      18      83       8      45      17      84      61      91
   19       97.27       9      82      48      19      11      64      49      36      47      46
   20       95.78      10       7      88      62      63      90      32      10      31      52      89
   21      101.69      11      42      43      15      57      41      22      75      74      13      94       6
   22      111.21      10      21       4      39      67      23      56      72      73       2      95
   23       79.17      10       5      61      16      86      38      14      44     100      85      93
