101

VEHICLE
NUMBER     CAPACITY
   6         200

CUSTOMER
CUST NO.   XCOORD.   YCOORD.    DEMAND   READY TIME   DUE DATE   SERVICE TIME

   0          35      35           0           0         230           0
   1          41      49          10         133         198          10
   2          35      17           7          22          87          10
   3          55      45          13          98         143          10
   4          55      20          19         123         184          10
   5          15      30          26          20          93          10
   6          25      30           3          76         131          10
   7          20      50           5          61         110          10
   8          10      43           9          75         124          10
   9          55      60          16          74         129          10
  10          30      60          16         107         150          10
  11          20      65          12          42         101          10
  12          50      35          19          38          97          10
  13          30      25          23         131         196          10
  14          15      10          20          32         114          10
  15          30       5           8          35          96          10
  16          10      20          19          52         107          10
  17           5      30           2         124         189          10
  18          20      40          12          69         114          10
  19          15      60          17          52         109          10
  20          45      65           9         105         156          10
  21          45      20          11          37          96          10
  22          45      10          18          76         127          10
  23          55       5          29          43         102          10
  24          65      35           3         124         190          10
  25          65      20           6         121         186          10
  26          45      30          17         112         161          10
  27          35      40          16           8          75          10
  28          41      37          16          11          76          10
  29          64      42           9          37          98          10
  30          40      60          21          49         102          10
  31          31      52          27          24          85          10
  32          35      69          23         116         175          10
  33          53      52          11          24          92          10
  34          65      55          14          96         147          10
  35          63      65           8         116         178          10
  36           2      60           5          41         112          10
  37          20      20           8         113         164          10
  38           5       5          16          60         115          10
  39          60      12          31          33         110          10
  40          40      25           9          65         114          10
  41          42       7           5          72         131          10
  42          24      12           5          25          91          10
  43          23       3           7         111         162          10
  44          11      14          18          45         102          10
  45           6      38          16          29          99          10
  46           2      48           1          92         151          10
  47           8      56          27          34         105          10
  48          13      52          36         128         192          10
  49           6      68          30          93         132          10
  50          47      47          13         102         155          10
  51          49      58          10          64         121          10
  52          27      43           9          26          87          10
  53          37      31          14          75         124          10
  54          57      29          18         118         171          10
  55          63      23           2         111         170          10
  56          53      12           6         106         163          10
  57          32      12           7          77         134          10
  58          36      26          18         147         210          10
  59          21      24          28          17         100          10
  60          17      34           3         134         199          10
  61          12      24          13          55         106          10
  62          24      58          19          30          95          10
  63          27      69          10          34         103          10
  64          15      77           9          48         107          10
  65          62      77          20          49         113          10
  66          49      73          25         104         159          10
  67          67       5          25          59         116          10
  68          56      39          36         117         176          10
  69          37      47           6          23          86          10
  70          37      56           5         123         198          10
  71          57      68          15          54         109          10
  72          47      16          25          22          96          10
  73          44      17           9          56         109          10
  74          46      13           8         123         184          10
  75          49      11          18          45         102          10
  76          49      42          13          52         103          10
  77          53      43          14         136         200          10
  78          61      52           3          71         130          10
  79          57      48          23          72         121          10
  80          56      37           6         135         198          10
  81          55      54          26          78         119          10
  82          15      47          16          29          90          10
  83          14      37          11          21          89          10
  84          11      31           7          81         130          10
  85          16      22          41          70         121          10
  86           4      18          35          74         123          10
  87          28      18          26          79         116          10
  88          26      52           9          50         107          10
  89          26      35          15         139         211          10
  90          31      67           3          73         126          10
  91          15      19           1         132         194          10
  92          22      22           2          18          88          10
  93          18      24          22         129         199          10
  94          26      27          27          81         128          10
  95          25      24          20          14          78          10
  96          22      27          11         114         165          10
  97          25      21          12         115         160          10
  98          19      21          10          32          93          10
  99          20      26           9          60         115          10
 100          18      18          17         123         195          10

BID NUMBER
24

BID NO.	  BID COST	 CUST NUMBER 	COVERED CUSTOMERS
    0       98.43       8      14      44      38      86      16      93      13      58
    1       75.93       8      76      33      81       9      34      78      77      12
    2       38.95       7      94       6      96      99      59      95      87
    3       74.27       7       2      57      15      43     100      37      93
    4       73.93       7      58      21      73      74      22      41      13
    5       72.72       8      31      69      76      12      77       3      50       1
    6       55.84       6      33      79      29      24      80      68
    7       85.99       5      42      14      38      86      17
    8       65.10       6      45      61      16      44      91      85
    9       56.73       8       5      98      87      97      92      59      96      60
   10       79.20       7      71      65      35      34      78      81       9
   11       65.77       6      82      99      95      94       6      89
   12       45.24       6       5      61      85      98      99       6
   13       81.83       7      13      97      87      43      57       2      58
   14       35.48       4      77       3      29      68
   15      118.76       8      42      15      41      23      56       4      54      80
   16       53.34       6      73      74      22      75      72      26
   17       41.17       7      95      92      37     100      91      59      94
   18       76.32       6      79      78      34      35      65      71
   19      153.77       9      52      83      49      45      17      84      16      96      89
   20       90.93       8      69      31      88       7      82       8      60      93
   21       97.26       6      39      67      25      55      24      12
   22       38.58       3      21      40      53
   23       62.52       7      76      50      33      81       9      51       1
