101

VEHICLE
NUMBER     CAPACITY
   5         200

CUSTOMER
CUST NO.   XCOORD.   YCOORD.    DEMAND   READY TIME   DUE DATE   SERVICE TIME

   0          35      35           0           0         230           0
   1          41      49          10         130         201          10
   2          35      17           7          20          89          10
   3          55      45          13         106         135          10
   4          55      20          19          71         195          10
   5          15      30          26          20         107          10
   6          25      30           3          54         153          10
   7          20      50           5          66         105          10
   8          10      43           9          61         138          10
   9          55      60          16          53         150          10
  10          30      60          16         101         156          10
  11          20      65          12          33         152          10
  12          50      35          19          38          97          10
  13          30      25          23          70         208          10
  14          15      10          20          32         137          10
  15          30       5           8          30         154          10
  16          10      20          19          54         105          10
  17           5      30           2          51         189          10
  18          20      40          12          77         106          10
  19          15      60          17          53         108          10
  20          45      65           9         109         152          10
  21          45      20          11          37          96          10
  22          45      10          18          59         144          10
  23          55       5          29          36         155          10
  24          65      35           3         118         190          10
  25          65      20           6          47         186          10
  26          45      30          17         117         156          10
  27          35      40          16           5         156          10
  28          41      37          16           8          79          10
  29          64      42           9          37          98          10
  30          40      60          21          28         123          10
  31          31      52          27          24          85          10
  32          35      69          23         116         175          10
  33          53      52          11          24         179          10
  34          65      55          14         100         143          10
  35          63      65           8          50         178          10
  36           2      60           5          41         178          10
  37          20      20           8         117         160          10
  38           5       5          16          42         145          10
  39          60      12          31          33         186          10
  40          40      25           9          51         128          10
  41          42       7           5          44         159          10
  42          24      12           5          25         172          10
  43          23       3           7         115         158          10
  44          11      14          18          31         138          10
  45           6      38          16          29         189          10
  46           2      48           1          93         150          10
  47           8      56          27          34         116          10
  48          13      52          36         125         192          10
  49           6      68          30          93         132          10
  50          47      47          13         105         152          10
  51          49      58          10          66         119          10
  52          27      43           9          25          88          10
  53          37      31          14          62         137          10
  54          57      29          18         121         168          10
  55          63      23           2          70         189          10
  56          53      12           6          81         188          10
  57          32      12           7          78         133          10
  58          36      26          18          79         210          10
  59          21      24          28          17         123          10
  60          17      34           3         130         201          10
  61          12      24          13          59         102          10
  62          24      58          19          25         164          10
  63          27      69          10          34         112          10
  64          15      77           9          46         165          10
  65          62      77          20          49         170          10
  66          49      73          25          77         179          10
  67          67       5          25          43         150          10
  68          56      39          36          82         198          10
  69          37      47           6          12         142          10
  70          37      56           5          21         198          10
  71          57      68          15          57         106          10
  72          47      16          25          22         110          10
  73          44      17           9          60         105          10
  74          46      13           8          73         195          10
  75          49      11          18          46         101          10
  76          49      42          13          36         119          10
  77          53      43          14          65         200          10
  78          61      52           3          43         158          10
  79          57      48          23          58         135          10
  80          56      37           6          69         198          10
  81          55      54          26          87         110          10
  82          15      47          16          28          91          10
  83          14      37          11          21          97          10
  84          11      31           7          68         143          10
  85          16      22          41          74         117          10
  86           4      18          35          79         118          10
  87          28      18          26          84         111          10
  88          26      52           9          24         133          10
  89          26      35          15         128         211          10
  90          31      67           3          76         123          10
  91          15      19           1         130         194          10
  92          22      22           2          18         181          10
  93          18      24          22          41         199          10
  94          26      27          27          88         121          10
  95          25      24          20          14          83          10
  96          22      27          11         119         160          10
  97          25      21          12         122         153          10
  98          19      21          10          32          93          10
  99          20      26           9          38         137          10
 100          18      18          17          28         195          10

BID NUMBER
30

BID NO.	  BID COST	 CUST NUMBER 	COVERED CUSTOMERS
    0       84.51       9      21      73      74      72       4      25      55      54      24
    1       64.74       6      50      76      12      26      53      27
    2      129.65       8      28      18      45      46       8      52      27      80
    3       85.78       7      54      21      73       2      87      40      26
    4       91.33       9      72      74      57      43      15      41      22      75       4
    5      114.86       7      12      89      83      17      84      60      53
    6       85.63       6      25      67      23      56      39      55
    7       28.82       3      76      50       3
    8       98.98       9      94      95      92      16      61      99      96      89       1
    9      106.06       9      26      40       2      57      15      54      80      68      77
   10       61.40       7      10      62      19      11      63      90      32
   11       92.42       7      59     100      14      38      43      42      13
   12      102.22       8      69      18      60       5      84      83      46      48
   13       84.05       8      82       8      45      17      86      44      91      93
   14       78.26       8      52       6      85      98      37      97      87      58
   15       94.03       9      76      12      72      75      56      39      25      55      24
   16       55.13       6      33      79       3      29      34      78
   17       54.28       4      27      53      28      50
   18       80.10       8      21      73      74      22      41      23      67       4
   19       73.64       8       2      13       6      89      18      83      60      95
   20       77.07       5      11      63      64      49      36
   21       75.57       8      27      69      10      90      32      30      70       1
   22       92.02       9      28      76      33      81      51       9      34      68      80
   23       89.38       7      31      88      62      19      48      47      46
   24       47.98       8      42      14      44      91      85      98      37     100
   25       84.76       8      52       7      82       8      45      17      93      92
   26       46.31       5      57      87      97      96      94
   27       75.39       8      59      99       5      84      61      16      86      38
   28       66.86       8      23      67      39      56      75      74      73      22
   29       88.66       6      78      35      71      65      66      20
