101

VEHICLE
NUMBER     CAPACITY
   5         200

CUSTOMER
CUST NO.   XCOORD.   YCOORD.    DEMAND   READY TIME   DUE DATE   SERVICE TIME

   0          35      35           0           0         230           0
   1          41      49          10          73         204          10
   2          35      17           7          18         147          10
   3          55      45          13          76         165          10
   4          55      20          19          73         195          10
   5          15      30          26          20         167          10
   6          25      30           3          49         158          10
   7          20      50           5          36         135          10
   8          10      43           9          50         149          10
   9          55      60          16          47         156          10
  10          30      60          16          85         172          10
  11          20      65          12          33         152          10
  12          50      35          19          15         133          10
  13          30      25          23          79         208          10
  14          15      10          20          32         187          10
  15          30       5           8          30         152          10
  16          10      20          19          29         139          10
  17           5      30           2          60         189          10
  18          20      40          12          47         136          10
  19          15      60          17          32         146          10
  20          45      65           9          79         182          10
  21          45      20          11          18         136          10
  22          45      10          18          50         153          10
  23          55       5          29          36         155          10
  24          65      35           3          58         190          10
  25          65      20           6          56         186          10
  26          45      30          17          87         186          10
  27          35      40          16           5         140          10
  28          41      37          16           6         136          10
  29          64      42           9          29         150          10
  30          40      60          21          25         132          10
  31          31      52          27          17         138          10
  32          35      69          23          67         186          10
  33          53      52          11          24         161          10
  34          65      55          14          70         173          10
  35          63      65           8          54         178          10
  36           2      60           5          41         178          10
  37          20      20           8          87         190          10
  38           5       5          16          42         153          10
  39          60      12          31          33         186          10
  40          40      25           9          40         139          10
  41          42       7           5          43         160          10
  42          24      12           5          25         158          10
  43          23       3           7          82         185          10
  44          11      14          18          31         144          10
  45           6      38          16          29         169          10
  46           2      48           1          63         180          10
  47           8      56          27          34         176          10
  48          13      52          36          65         192          10
  49           6      68          30          73         152          10
  50          47      47          13          75         182          10
  51          49      58          10          36         149          10
  52          27      43           9          11         133          10
  53          37      31          14          51         148          10
  54          57      29          18          90         197          10
  55          63      23           2          69         189          10
  56          53      12           6          76         190          10
  57          32      12           7          48         163          10
  58          36      26          18          84         210          10
  59          21      24          28          17         183          10
  60          17      34           3          70         201          10
  61          12      24          13          29         132          10
  62          24      58          19          25         154          10
  63          27      69          10          34         172          10
  64          15      77           9          46         165          10
  65          62      77          20          49         170          10
  66          49      73          25          68         179          10
  67          67       5          25          43         156          10
  68          56      39          36          80         198          10
  69          37      47           6          12         137          10
  70          37      56           5          48         198          10
  71          57      68          15          39         148          10
  72          47      16          25          22         170          10
  73          44      17           9          30         135          10
  74          46      13           8          74         195          10
  75          49      11          18          27         141          10
  76          49      42          13          27         128          10
  77          53      43          14          72         200          10
  78          61      52           3          42         159          10
  79          57      48          23          47         146          10
  80          56      37           6          73         198          10
  81          55      54          26          57         140          10
  82          15      47          16          23         146          10
  83          14      37          11          21         157          10
  84          11      31           7          57         154          10
  85          16      22          41          44         147          10
  86           4      18          35          49         148          10
  87          28      18          26          61         134          10
  88          26      52           9          21         136          10
  89          26      35          15          68         211          10
  90          31      67           3          46         153          10
  91          15      19           1          70         194          10
  92          22      22           2          18         159          10
  93          18      24          22          60         199          10
  94          26      27          27          58         151          10
  95          25      24          20          14         143          10
  96          22      27          11          89         190          10
  97          25      21          12          92         183          10
  98          19      21          10          21         142          10
  99          20      26           9          33         142          10
 100          18      18          17          51         195          10

BID NUMBER
31

BID NO.	  BID COST	 CUST NUMBER 	COVERED CUSTOMERS
    0       55.34       6      81       3      68      79      78      34
    1       87.04       8      33      77      12      26      21      73      72      80
    2       96.06       9      69      52      18       8      45      46      48      82       7
    3       75.92       7      12      80      68      29      24      54      26
    4       84.66      11      96      99       5      84      17      45      46       8      83      60      89
    5      122.80      10      27      31      62      19      11      64      49      36      47      48
    6       47.96       5      41      22      74      73      40
    7       76.84      10      28      50      33      81      34      78      79       3      77      76
    8       85.98      10      21      72      75      56      23      67      39      25      55       4
    9       94.56      10      52      18      82       7      88      10      63      90      32      70
   10      114.50      10       1      51       9      35      71      65      66      20      30      69
   11      103.46       7      59      99      45      46      36      47      48
   12       82.56      10      25      55      24      80      68       3      77      76      12       4
   13       96.29      10      21      58      27      52      18      89       6      96      92      97
   14       89.90       9      69      31      88       7      82       8      83      60      13
   15       91.42       9      50      33      81       9      34      78      79      29      54
   16       90.74       8      28      70      10      63      90      32      30       1
   17       92.43       8      41      57       2      95      94      53      26      56
   18       82.92       8      75      22      74      73      40      72      39      67
   19       58.72      10      37      98      85      61      16      86      17      84       5      93
   20       59.86      11      95      94       6      89      18      83      84       5      99      96      59
   21      122.79       9      52       7      11      64      49      36      47      46      60
   22      110.26      10      31      88      62      19      48      82       8      45      17      93
   23       88.33      10       2      73      74      22      41      57      15      43      14      42
   24       69.05       9      40      26      12      80      68      77      50      28      53
   25      115.73      10      10      63      90      32      30      70      69      27      58      13
   26       84.18      10      76       3      79      33      81      78      34      29      24      54
   27       68.66      11      92      98      85      61      16      86      38      44      91     100      37
   28       62.80       6      31      62      10      63      90      32
   29       45.14       9     100      91      16      86      61      85      93      98      37
   30       81.53       5      52      48      47      36      46
