101

VEHICLE
NUMBER     CAPACITY
   2        1000

CUSTOMER
CUST NO.   XCOORD.   YCOORD.    DEMAND   READY TIME   DUE DATE   SERVICE TIME

   0          35      35           0       0        1000           0
   1          41      49          10       0         974          10
   2          35      17           7       0         972          10
   3          55      45          13       0         967          10
   4          55      20          19     678         801          10
   5          15      30          26       0         969          10
   6          25      30           3     415         514          10
   7          20      50           5       0         968          10
   8          10      43           9     404         481          10
   9          55      60          16     400         497          10
  10          30      60          16     577         632          10
  11          20      65          12     206         325          10
  12          50      35          19       0         975          10
  13          30      25          23     690         827          10
  14          15      10          20       0         957          10
  15          30       5           8     175         300          10
  16          10      20          19       0         960          10
  17           5      30           2     733         870          10
  18          20      40          12       0         974          10
  19          15      60          17       0         957          10
  20          45      65           9       0         958          10
  21          45      20          11       0         971          10
  22          45      10          18     409         494          10
  23          55       5          29     206         325          10
  24          65      35           3       0         960          10
  25          65      20           6     817         956          10
  26          45      30          17       0         978          10
  27          35      40          16     104         255          10
  28          41      37          16       0         983          10
  29          64      42           9       0         960          10
  30          40      60          21     259         354          10
  31          31      52          27       0         972          10
  32          35      69          23       0         956          10
  33          53      52          11      45         200          10
  34          65      55          14       0         953          10
  35          63      65           8     686         813          10
  36           2      60           5      41         208          10
  37          20      20           8       0         968          10
  38           5       5          16     302         405          10
  39          60      12          31      33         224          10
  40          40      25           9     360         437          10
  41          42       7           5     396         511          10
  42          24      12           5      25         172          10
  43          23       3           7       0         955          10
  44          11      14          18     233         340          10
  45           6      38          16      29         189          10
  46           2      48           1       0         954          10
  47           8      56          27       0         955          10
  48          13      52          36       0         962          10
  49           6      68          30     501         540          10
  50          47      47          13       0         973          10
  51          49      58          10       0         963          10
  52          27      43           9       0         978          10
  53          37      31          14     414         489          10
  54          57      29          18       0         967          10
  55          63      23           2     620         739          10
  56          53      12           6     585         692          10
  57          32      12           7       0         966          10
  58          36      26          18     849         980          10
  59          21      24          28       0         972          10
  60          17      34           3       0         971          10
  61          12      24          13       0         964          10
  62          24      58          19     163         302          10
  63          27      69          10       0         955          10
  64          15      77           9     214         333          10
  65          62      77          20      49         188          10
  66          49      73          25     592         693          10
  67          67       5          25     294         401          10
  68          56      39          36     637         752          10
  69          37      47           6     162         293          10
  70          37      56           5     788         968          10
  71          57      68          15       0         950          10
  72          47      16          25       0         967          10
  73          44      17           9       0         969          10
  74          46      13           8     681         802          10
  75          49      11          18       0         962          10
  76          49      42          13     290         373          10
  77          53      43          14     817         952          10
  78          61      52           3     384         499          10
  79          57      48          23     388         465          10
  80          56      37           6     839         968          10
  81          55      54          26       0         962          10
  82          15      47          16       0         966          10
  83          14      37          11       0         968          10
  84          11      31           7     436         511          10
  85          16      22          41       0         966          10
  86           4      18          35       0         954          10
  87          28      18          26     420         447          10
  88          26      52           9     279         388          10
  89          26      35          15       0         981          10
  90          31      67           3       0         957          10
  91          15      19           1       0         964          10
  92          22      22           2      18         181          10
  93          18      24          22     811         969          10
  94          26      27          27       0         977          10
  95          25      24          20       0         975          10
  96          22      27          11       0         974          10
  97          25      21          12       0         972          10
  98          19      21          10       0         968          10
  99          20      26           9     333         432          10
 100          18      18          17     798         965          10

BID NUMBER
31

BID NO.	  BID COST	 CUST NUMBER 	COVERED CUSTOMERS
    0       75.50       7      77      33      81      35      71       9      51
    1      109.01       7      28      69      30      32      66      20      50
    2      119.95       7      26      27      88      83      17      84       5
    3       60.60       6      83       8      45      17      61      85
    4       31.67       4      99      93      84       5
    5       63.50       6      53      28      68      12      26      40
    6      103.69       7      76      77      78      34      35      69      27
    7       72.77       5       6      52      31      62      88
    8      124.22      10      89       1      50      81      79       3      29      24      80      54
    9       76.39       7      33      51       9      71      66      20      30
   10       95.82       9      18       7      19      11      63      90      32      10      70
   11      109.75       9      60      82      19      11      63      90      32      70       1
   12      107.39       9      76      33      81      78      34      29      24      54      58
   13       99.36       7      31      10      62      88       7      18      59
   14      131.55       8      94      89      52       9      71      35       3      77
   15       18.14       3      99      96       6
   16       43.82       6      92     100      85      61      84       5
   17      100.00       8      27      69      30      20      66      51      50      28
   18       39.05       3      53      40      13
   19       55.30       5      26      12      80      68      79
   20       83.67       7      98      93      17      45      46       8      83
   21       84.41       7       1      30      51       9      71      35      81
   22      102.61       7       7      62      11      90      32      66      20
   23       98.01       8      26      76       3      78      34      68      12      21
   24       65.82       5      43      15      22      74      57
   25       50.67       4      14      38      44     100
   26       95.68       7      47      49      64      63      19      48      82
   27       91.14       9      85      60      83       8      46      45      86      16      91
   28       31.78       5      92      59      99       6      97
   29       87.79       9      95      94      89      52      31      10      88      18      96
   30       86.64       8      54      24      29      79      50      69      27      28
