101

VEHICLE
NUMBER     CAPACITY
   2        1000

CUSTOMER
CUST NO.   XCOORD.   YCOORD.    DEMAND   READY TIME   DUE DATE   SERVICE TIME

   0          35      35           0       0        1000           0
   1          41      49          10       0         974          10
   2          35      17           7       0         972          10
   3          55      45          13       0         967          10
   4          55      20          19     620         860          10
   5          15      30          26       0         969          10
   6          25      30           3     345         585          10
   7          20      50           5       0         968          10
   8          10      43           9     323         563          10
   9          55      60          16     329         569          10
  10          30      60          16     485         725          10
  11          20      65          12     146         386          10
  12          50      35          19       0         975          10
  13          30      25          23     639         879          10
  14          15      10          20      32         272          10
  15          30       5           8     118         358          10
  16          10      20          19     203         443          10
  17           5      30           2     682         922          10
  18          20      40          12     286         526          10
  19          15      60          17     204         444          10
  20          45      65           9     504         744          10
  21          45      20          11       0         971          10
  22          45      10          18     332         572          10
  23          55       5          29     146         386          10
  24          65      35           3     656         896          10
  25          65      20           6     716         956          10
  26          45      30          17       0         978          10
  27          35      40          16      60         300          10
  28          41      37          16      65         305          10
  29          64      42           9     132         372          10
  30          40      60          21     187         427          10
  31          31      52          27       0         972          10
  32          35      69          23     599         839          10
  33          53      52          11      24         264          10
  34          65      55          14       0         953          10
  35          63      65           8     630         870          10
  36           2      60           5      41         281          10
  37          20      20           8       0         968          10
  38           5       5          16     234         474          10
  39          60      12          31      33         273          10
  40          40      25           9     279         519          10
  41          42       7           5     334         574          10
  42          24      12           5      25         265          10
  43          23       3           7     543         783          10
  44          11      14          18     167         407          10
  45           6      38          16      29         269          10
  46           2      48           1     452         692          10
  47           8      56          27      48         288          10
  48          13      52          36       0         962          10
  49           6      68          30     401         641          10
  50          47      47          13       0         973          10
  51          49      58          10     281         521          10
  52          27      43           9       0         978          10
  53          37      31          14     332         572          10
  54          57      29          18     568         808          10
  55          63      23           2     560         800          10
  56          53      12           6     519         759          10
  57          32      12           7     356         596          10
  58          36      26          18     740         980          10
  59          21      24          28       0         972          10
  60          17      34           3     672         912          10
  61          12      24          13     214         454          10
  62          24      58          19     113         353          10
  63          27      69          10      34         274          10
  64          15      77           9     154         394          10
  65          62      77          20      49         289          10
  66          49      73          25     523         763          10
  67          67       5          25     228         468          10
  68          56      39          36     575         815          10
  69          37      47           6     108         348          10
  70          37      56           5     728         968          10
  71          57      68          15     198         438          10
  72          47      16          25       0         967          10
  73          44      17           9     234         474          10
  74          46      13           8     622         862          10
  75          49      11          18       0         962          10
  76          49      42          13     212         452          10
  77          53      43          14     730         970          10
  78          61      52           3     322         562          10
  79          57      48          23     307         547          10
  80          56      37           6     728         968          10
  81          55      54          26     314         554          10
  82          15      47          16       0         966          10
  83          14      37          11       0         968          10
  84          11      31           7     354         594          10
  85          16      22          41       0         966          10
  86           4      18          35     307         547          10
  87          28      18          26     314         554          10
  88          26      52           9     214         454          10
  89          26      35          15     718         958          10
  90          31      67           3     320         560          10
  91          15      19           1       0         964          10
  92          22      22           2      18         258          10
  93          18      24          22     729         969          10
  94          26      27          27       0         977          10
  95          25      24          20       0         975          10
  96          22      27          11       0         974          10
  97          25      21          12     523         763          10
  98          19      21          10       0         968          10
  99          20      26           9     263         503          10
 100          18      18          17     725         965          10

BID NUMBER
33

BID NO.	  BID COST	 CUST NUMBER 	COVERED CUSTOMERS
    0       85.79       7      69      76      77      68      54      12      53
    1       64.53       4      47      36      49      64
    2       75.77       4      23      67      55      54
    3      117.51       7      65      71       9      81       3      68      70
    4       83.57       6       1      76      50      51      20      66
    5       69.51       5      36      46       8      47      19
    6      134.32       6       7      52      53      12      24      88
    7      118.23       7      31      69       4      56      75      72      73
    8       75.93       5      86      44      14      84      83
    9       66.21       4      11      62      18      82
   10       62.51       6      86      38      14      44      91      85
   11      104.04       6      52      10      63      90      30      89
   12      115.27       7      94      76      54      55      25      21      40
   13       60.77       7      37     100      43      15      57      87      97
   14       54.38       6      99       6      53      13      95      98
   15      129.17      10      96      27      69       1      51       9      20      32      70      31
   16      102.18       5      66      65      71      35      77
   17       97.14       7      72      56      23      67      39       4      58
   18       76.81       8      92       2      73      74      75      22      41      42
   19      109.68       8      50      33      81      79       3      68      12      59
   20       80.73       6      18      88      45      17      84       5
   21       93.90       7       7      62      11      64      49      48      82
   22      105.17       7      28      78      34      29      24      80      26
   23       60.86       4      69      53       6      89
   24       68.44       5      90      63      64      11      10
   25      107.22       7       7      45      17      86      16      60      52
   26       59.92       6      51       3      68      77      76      50
   27      107.44       6      44      38      14      43      13      58
   28       59.79       4       9      71      65      66
   29      109.61       9       1      28      40      73      75      56       4      24      80
   30       82.52       8      27       2      41      22      74      72      21      26
   31       92.12       7      31      18      85     100      37      98      99
   32       64.33       7      97      87      57      15      42      93      96
