101

VEHICLE
NUMBER     CAPACITY
   1        1000

CUSTOMER
CUST NO.   XCOORD.   YCOORD.    DEMAND   READY TIME   DUE DATE   SERVICE TIME

   0          35      35           0       0        1000           0
   1          41      49          10       0         974          10
   2          35      17           7       0         972          10
   3          55      45          13       0         967          10
   4          55      20          19     620         860          10
   5          15      30          26       0         969          10
   6          25      30           3     345         585          10
   7          20      50           5       0         968          10
   8          10      43           9     323         563          10
   9          55      60          16     329         569          10
  10          30      60          16     485         725          10
  11          20      65          12     146         386          10
  12          50      35          19       0         975          10
  13          30      25          23     639         879          10
  14          15      10          20       0         957          10
  15          30       5           8     118         358          10
  16          10      20          19       0         960          10
  17           5      30           2     682         922          10
  18          20      40          12       0         974          10
  19          15      60          17       0         957          10
  20          45      65           9       0         958          10
  21          45      20          11       0         971          10
  22          45      10          18     332         572          10
  23          55       5          29     146         386          10
  24          65      35           3       0         960          10
  25          65      20           6     716         956          10
  26          45      30          17       0         978          10
  27          35      40          16      60         300          10
  28          41      37          16       0         983          10
  29          64      42           9       0         960          10
  30          40      60          21     187         427          10
  31          31      52          27       0         972          10
  32          35      69          23       0         956          10
  33          53      52          11      24         264          10
  34          65      55          14       0         953          10
  35          63      65           8     630         870          10
  36           2      60           5      41         281          10
  37          20      20           8       0         968          10
  38           5       5          16     234         474          10
  39          60      12          31      33         273          10
  40          40      25           9     279         519          10
  41          42       7           5     334         574          10
  42          24      12           5      25         265          10
  43          23       3           7       0         955          10
  44          11      14          18     167         407          10
  45           6      38          16      29         269          10
  46           2      48           1       0         954          10
  47           8      56          27       0         955          10
  48          13      52          36       0         962          10
  49           6      68          30     401         641          10
  50          47      47          13       0         973          10
  51          49      58          10       0         963          10
  52          27      43           9       0         978          10
  53          37      31          14     332         572          10
  54          57      29          18       0         967          10
  55          63      23           2     560         800          10
  56          53      12           6     519         759          10
  57          32      12           7       0         966          10
  58          36      26          18     740         980          10
  59          21      24          28       0         972          10
  60          17      34           3       0         971          10
  61          12      24          13       0         964          10
  62          24      58          19     113         353          10
  63          27      69          10       0         955          10
  64          15      77           9     154         394          10
  65          62      77          20      49         289          10
  66          49      73          25     523         763          10
  67          67       5          25     228         468          10
  68          56      39          36     575         815          10
  69          37      47           6     108         348          10
  70          37      56           5     728         968          10
  71          57      68          15       0         950          10
  72          47      16          25       0         967          10
  73          44      17           9       0         969          10
  74          46      13           8     622         862          10
  75          49      11          18       0         962          10
  76          49      42          13     212         452          10
  77          53      43          14     730         970          10
  78          61      52           3     322         562          10
  79          57      48          23     307         547          10
  80          56      37           6     728         968          10
  81          55      54          26       0         962          10
  82          15      47          16       0         966          10
  83          14      37          11       0         968          10
  84          11      31           7     354         594          10
  85          16      22          41       0         966          10
  86           4      18          35       0         954          10
  87          28      18          26     314         554          10
  88          26      52           9     214         454          10
  89          26      35          15       0         981          10
  90          31      67           3       0         957          10
  91          15      19           1       0         964          10
  92          22      22           2      18         258          10
  93          18      24          22     729         969          10
  94          26      27          27       0         977          10
  95          25      24          20       0         975          10
  96          22      27          11       0         974          10
  97          25      21          12       0         972          10
  98          19      21          10       0         968          10
  99          20      26           9     263         503          10
 100          18      18          17     725         965          10

BID NUMBER
30

BID NO.	  BID COST	 CUST NUMBER 	COVERED CUSTOMERS
    0       54.50      10      13      95      97      92      59      99      96       6      94      58
    1       77.90      11      27      18      60      96      99      59      97      95      94      13      58
    2      104.60       7      77      28      89       6      53      68      29
    3       89.84       7      92      93      98      44      38      16      17
    4       75.60       8      69      88       7      82       8      83      60      89
    5       70.44       7      53      40      73      74      72      21      12
    6       72.77       7      87      42      43      93      59      96       6
    7      113.94       8      27       5      17      86      16      61      99      28
    8       74.86       8      94      91      44      38      14     100      92      95
    9       84.11       9      18      45      84      85      98      37      97      13      58
   10       52.41       6      68      29      34      78      79       3
   11       74.03       6      16      44      14      38      86      17
   12       96.30       7      30      51       9      35      81      77      69
   13      112.01       7      84       5      82       7      48       8      36
   14       60.07       7      33      34      78      79       3      68      80
   15      109.33       7      73      75      23      56       4      26      89
   16       87.10      10      92      42      43      15      41      22      74      72      21      58
   17       85.98       8      18      27      53      40       2      57      13      94
   18      101.97       9      52       1      50      76      29      24      54      12      28
   19       68.73       7      19      11      62      10      70      31      88
   20       35.49       6      99      95      87      97      59      93
   21       83.59       6      62      11      64      49      19       7
   22       66.37       6      82      48      47      36      46       8
   23       57.26       6      26      12      80      68      76      28
   24      102.42       6      66      65      71      35       3      77
   25       66.57       8      91      44      86      38      14     100      37      92
   26       62.25       4      33      78      34       1
   27       82.06       5      42      15      41      43     100
   28       24.62       2      44      91
   29      253.88       4	   38	   44      65      64
