101

VEHICLE
NUMBER     CAPACITY
   1        1000

CUSTOMER
CUST NO.   XCOORD.   YCOORD.    DEMAND   READY TIME   DUE DATE   SERVICE TIME

   0          35      35           0       0        1000           0
   1          41      49          10       0         974          10
   2          35      17           7       0         972          10
   3          55      45          13       0         967          10
   4          55      20          19     620         860          10
   5          15      30          26       0         969          10
   6          25      30           3       0         978          10
   7          20      50           5       0         968          10
   8          10      43           9     323         563          10
   9          55      60          16     329         569          10
  10          30      60          16       0         964          10
  11          20      65          12     146         386          10
  12          50      35          19       0         975          10
  13          30      25          23     639         879          10
  14          15      10          20       0         957          10
  15          30       5           8     118         358          10
  16          10      20          19       0         960          10
  17           5      30           2       0         959          10
  18          20      40          12       0         974          10
  19          15      60          17       0         957          10
  20          45      65           9       0         958          10
  21          45      20          11       0         971          10
  22          45      10          18       0         963          10
  23          55       5          29     146         386          10
  24          65      35           3       0         960          10
  25          65      20           6     716         956          10
  26          45      30          17       0         978          10
  27          35      40          16       0         985          10
  28          41      37          16       0         983          10
  29          64      42           9       0         960          10
  30          40      60          21       0         964          10
  31          31      52          27       0         972          10
  32          35      69          23       0         956          10
  33          53      52          11       0         965          10
  34          65      55          14       0         953          10
  35          63      65           8       0         948          10
  36           2      60           5       0         948          10
  37          20      20           8       0         968          10
  38           5       5          16     234         474          10
  39          60      12          31       0         956          10
  40          40      25           9       0         978          10
  41          42       7           5       0         961          10
  42          24      12           5       0         964          10
  43          23       3           7       0         955          10
  44          11      14          18     167         407          10
  45           6      38          16       0         960          10
  46           2      48           1       0         954          10
  47           8      56          27       0         955          10
  48          13      52          36       0         962          10
  49           6      68          30       0         946          10
  50          47      47          13       0         973          10
  51          49      58          10       0         963          10
  52          27      43           9       0         978          10
  53          37      31          14     332         572          10
  54          57      29          18       0         967          10
  55          63      23           2     560         800          10
  56          53      12           6       0         960          10
  57          32      12           7       0         966          10
  58          36      26          18     740         980          10
  59          21      24          28       0         972          10
  60          17      34           3       0         971          10
  61          12      24          13       0         964          10
  62          24      58          19     113         353          10
  63          27      69          10       0         955          10
  64          15      77           9       0         943          10
  65          62      77          20       0         940          10
  66          49      73          25       0         949          10
  67          67       5          25     228         468          10
  68          56      39          36       0         968          10
  69          37      47           6     108         348          10
  70          37      56           5       0         968          10
  71          57      68          15       0         950          10
  72          47      16          25       0         967          10
  73          44      17           9       0         969          10
  74          46      13           8     622         862          10
  75          49      11          18       0         962          10
  76          49      42          13     212         452          10
  77          53      43          14     730         970          10
  78          61      52           3       0         958          10
  79          57      48          23     307         547          10
  80          56      37           6       0         968          10
  81          55      54          26       0         962          10
  82          15      47          16       0         966          10
  83          14      37          11       0         968          10
  84          11      31           7     354         594          10
  85          16      22          41       0         966          10
  86           4      18          35       0         954          10
  87          28      18          26     314         554          10
  88          26      52           9       0         970          10
  89          26      35          15       0         981          10
  90          31      67           3       0         957          10
  91          15      19           1       0         964          10
  92          22      22           2      18         258          10
  93          18      24          22       0         969          10
  94          26      27          27       0         977          10
  95          25      24          20       0         975          10
  96          22      27          11       0         974          10
  97          25      21          12       0         972          10
  98          19      21          10       0         968          10
  99          20      26           9     263         503          10
 100          18      18          17     725         965          10

BID NUMBER
24

BID NO.	  BID COST	 CUST NUMBER 	COVERED CUSTOMERS
    0       92.72      10      28      27      52       7      82       8      45      83      60       6
    1      102.36      10      12      69      31      10      63      90      32      30      70       1
    2       70.60      10      29      79      81       9      33       3      77      76      68      80
    3       66.15      10      27      89       6      96      99      59      37      97      13      58
    4       83.92       9      31      88       7      82       8      45      46      48      62
    5      124.95      10      81       1      69      52      18      83      17      84       5      60
    6      119.11      10      34      35      71      65      66      20      32      90      10      70
    7       53.19       7      79       3      77      76      50      33       9
    8       93.35      10      68      80      54      21      73       2      87      53      28      12
    9      130.66       9      51      63      64      49      36      47      19      11      30
   10      108.97       8       4      72      23      67      39      55      24      29
   11       95.70       9      40      54      24      29      34      78      79       3      77
   12       95.33       7      35      71      65      66      20      30      70
   13      110.17      11      14      43      15      41      22      74       4      21      73       2      42
   14       43.78       8      85      99      59      92      97      13      87      37
   15      112.90      10      94      27      69       1      51       9      81      33      50      95
   16       87.82      10      96       6      53      28      76      68      80      12      26      58
   17      106.70       9      57      75      56      23      67      39      25      55      72
   18       82.22      12      98      93       5      60      18      83       8      45      17      84      61      91
   19       97.27       9      82      48      19      11      64      49      36      47      46
   20       95.78      10       7      88      62      63      90      32      10      31      52      89
   21      101.69      11      42      43      15      57      41      22      75      74      13      94       6
   22      111.21      10      21       4      39      67      23      56      72      73       2      95
   23       79.17      10       5      61      16      86      38      14      44     100      85      93
