101

VEHICLE
NUMBER     CAPACITY
   2        1000

CUSTOMER
CUST NO.   XCOORD.   YCOORD.    DEMAND   READY TIME   DUE DATE   SERVICE TIME

   0          35      35           0       0        1000           0
   1          41      49          10     636         919          10
   2          35      17           7      74         351          10
   3          55      45          13     498         613          10
   4          55      20          19     470         965          10
   5          15      30          26      20         370          10
   6          25      30           3     266         663          10
   7          20      50           5     292         449          10
   8          10      43           9     288         597          10
   9          55      60          16     254         643          10
  10          30      60          16     496         713          10
  11          20      65          12      33         510          10
  12          50      35          19     170         403          10
  13          30      25          23     426         978          10
  14          15      10          20      32         454          10
  15          30       5           8      30         529          10
  16          10      20          19     222         423          10
  17           5      30           2     409         959          10
  18          20      40          12     349         462          10
  19          15      60          17     215         432          10
  20          45      65           9     538         709          10
  21          45      20          11     156         389          10
  22          45      10          18     280         623          10
  23          55       5          29      36         513          10
  24          65      35           3     633         918          10
  25          65      20           6     400         956          10
  26          45      30          17     548         707          10
  27          35      40          16       5         612          10
  28          41      37          16      44         325          10
  29          64      42           9     129         374          10
  30          40      60          21     115         498          10
  31          31      52          27      91         336          10
  32          35      69          23     602         835          10
  33          53      52          11      24         646          10
  34          65      55          14     487         656          10
  35          63      65           8     439         948          10
  36           2      60           5      41         710          10
  37          20      20           8     563         736          10
  38           5       5          16     147         560          10
  39          60      12          31      33         797          10
  40          40      25           9     243         554          10
  41          42       7           5     225         682          10
  42          24      12           5      25         616          10
  43          23       3           7     578         747          10
  44          11      14          18      72         501          10
  45           6      38          16      29         669          10
  46           2      48           1     458         685          10
  47           8      56          27      34         362          10
  48          13      52          36     694         962          10
  49           6      68          30     444         597          10
  50          47      47          13     499         690          10
  51          49      58          10     296         505          10
  52          27      43           9     111         362          10
  53          37      31          14     301         602          10
  54          57      29          18     595         780          10
  55          63      23           2     442         917          10
  56          53      12           6     426         851          10
  57          32      12           7     366         585          10
  58          36      26          18     458         980          10
  59          21      24          28      17         441          10
  60          17      34           3     651         932          10
  61          12      24          13     246         421          10
  62          24      58          19      25         583          10
  63          27      69          10      34         348          10
  64          15      77           9      46         523          10
  65          62      77          20      49         608          10
  66          49      73          25     440         845          10
  67          67       5          25     132         563          10
  68          56      39          36     464         925          10
  69          37      47           6      12         535          10
  70          37      56           5     249         968          10
  71          57      68          15     218         417          10
  72          47      16          25      22         377          10
  73          44      17           9     263         444          10
  74          46      13           8     479         965          10
  75          49      11          18     182         399          10
  76          49      42          13     166         497          10
  77          53      43          14     430         970          10
  78          61      52           3     212         671          10
  79          57      48          23     273         580          10
  80          56      37           6     452         968          10
  81          55      54          26     388         479          10
  82          15      47          16      99         352          10
  83          14      37          11      21         328          10
  84          11      31           7     323         624          10
  85          16      22          41     333         504          10
  86           4      18          35     350         503          10
  87          28      18          26     380         487          10
  88          26      52           9     114         553          10
  89          26      35          15     649         981          10
  90          31      67           3     345         534          10
  91          15      19           1     675         930          10
  92          22      22           2      18         673          10
  93          18      24          22     339         969          10
  94          26      27          27     403         536          10
  95          25      24          20      22         301          10
  96          22      27          11     565         732          10
  97          25      21          12     582         703          10
  98          19      21          10     122         367          10
  99          20      26           9     185         580          10
 100          18      18          17     297         965          10

BID NUMBER
24

BID NO.	  BID COST	 CUST NUMBER 	COVERED CUSTOMERS
    0       98.43       8      14      44      38      86      16      93      13      58
    1       75.93       8      76      33      81       9      34      78      77      12
    2       38.95       7      94       6      96      99      59      95      87
    3       74.27       7       2      57      15      43     100      37      93
    4       73.93       7      58      21      73      74      22      41      13
    5       72.72       8      31      69      76      12      77       3      50       1
    6       55.84       6      33      79      29      24      80      68
    7       85.99       5      42      14      38      86      17
    8       65.10       6      45      61      16      44      91      85
    9       56.73       8       5      98      87      97      92      59      96      60
   10       79.20       7      71      65      35      34      78      81       9
   11       65.77       6      82      99      95      94       6      89
   12       45.24       6       5      61      85      98      99       6
   13       81.83       7      13      97      87      43      57       2      58
   14       35.48       4      77       3      29      68
   15      118.76       8      42      15      41      23      56       4      54      80
   16       53.34       6      73      74      22      75      72      26
   17       41.17       7      95      92      37     100      91      59      94
   18       76.32       6      79      78      34      35      65      71
   19      153.77       9      52      83      49      45      17      84      16      96      89
   20       90.93       8      69      31      88       7      82       8      60      93
   21       97.26       6      39      67      25      55      24      12
   22       38.58       3      21      40      53
   23       62.52       7      76      50      33      81       9      51       1
