101

VEHICLE
NUMBER     CAPACITY
   2        1000

CUSTOMER
CUST NO.   XCOORD.   YCOORD.    DEMAND   READY TIME   DUE DATE   SERVICE TIME

   0          35      35           0       0        1000           0
   1          41      49          10     190         974          10
   2          35      17           7      18         792          10
   3          55      45          13     289         822          10
   4          55      20          19     679         800          10
   5          15      30          26      20         906          10
   6          25      30           3     355         574          10
   7          20      50           5      72         669          10
   8          10      43           9     393         492          10
   9          55      60          16     394         503          10
  10          30      60          16     517         692          10
  11          20      65          12     206         325          10
  12          50      35          19      15         725          10
  13          30      25          23     694         823          10
  14          15      10          20      32         694          10
  15          30       5           8     176         299          10
  16          10      20          19     102         543          10
  17           5      30           2     673         930          10
  18          20      40          12     229         582          10
  19          15      60          17      95         552          10
  20          45      65           9     418         829          10
  21          45      20          11      18         727          10
  22          45      10          18     349         554          10
  23          55       5          29     206         325          10
  24          65      35           3     435         960          10
  25          65      20           6     826         956          10
  26          45      30          17     328         927          10
  27          35      40          16      44         315          10
  28          41      37          16       6         526          10
  29          64      42           9      29         513          10
  30          40      60          21     199         414          10
  31          31      52          27      17         744          10
  32          35      69          23     482         955          10
  33          53      52          11      24         299          10
  34          65      55          14     265         878          10
  35          63      65           8     626         873          10
  36           2      60           5      41         328          10
  37          20      20           8     339         960          10
  38           5       5          16     298         409          10
  39          60      12          31      33         344          10
  40          40      25           9     300         497          10
  41          42       7           5     336         571          10
  42          24      12           5      25         292          10
  43          23       3           7     458         867          10
  44          11      14          18     230         343          10
  45           6      38          16      29         309          10
  46           2      48           1     338         805          10
  47           8      56          27      34         602          10
  48          13      52          36     200         962          10
  49           6      68          30     441         600          10
  50          47      47          13     272         917          10
  51          49      58          10     176         625          10
  52          27      43           9      11         748          10
  53          37      31          14     403         500          10
  54          57      29          18     475         900          10
  55          63      23           2     620         739          10
  56          53      12           6     525         752          10
  57          32      12           7     246         705          10
  58          36      26          18     854         980          10
  59          21      24          28      17         972          10
  60          17      34           3     449         971          10
  61          12      24          13     126         541          10
  62          24      58          19     168         297          10
  63          27      69          10      34         588          10
  64          15      77           9     154         393          10
  65          62      77          20      49         308          10
  66          49      73          25     532         753          10
  67          67       5          25     291         404          10
  68          56      39          36     577         812          10
  69          37      47           6     165         290          10
  70          37      56           5     668         968          10
  71          57      68          15      98         537          10
  72          47      16          25      22         915          10
  73          44      17           9     143         564          10
  74          46      13           8     681         802          10
  75          49      11          18      27         711          10
  76          49      42          13     281         382          10
  77          53      43          14     821         948          10
  78          61      52           3     324         559          10
  79          57      48          23     377         476          10
  80          56      37           6     719         968          10
  81          55      54          26     268         599          10
  82          15      47          16      23         761          10
  83          14      37          11      21         842          10
  84          11      31           7     425         522          10
  85          16      22          41     110         727          10
  86           4      18          35     230         623          10
  87          28      18          26     397         470          10
  88          26      52           9     219         448          10
  89          26      35          15     409         981          10
  90          31      67           3     225         654          10
  91          15      19           1     222         964          10
  92          22      22           2      18         159          10
  93          18      24          22     691         969          10
  94          26      27          27     190         749          10
  95          25      24          20      14         793          10
  96          22      27          11     344         953          10
  97          25      21          12     462         823          10
  98          19      21          10      21         748          10
  99          20      26           9     328         437          10
 100          18      18          17     821         965          10

BID NUMBER
30

BID NO.	  BID COST	 CUST NUMBER 	COVERED CUSTOMERS
    0       84.51       9      21      73      74      72       4      25      55      54      24
    1       64.74       6      50      76      12      26      53      27
    2      129.65       8      28      18      45      46       8      52      27      80
    3       85.78       7      54      21      73       2      87      40      26
    4       91.33       9      72      74      57      43      15      41      22      75       4
    5      114.86       7      12      89      83      17      84      60      53
    6       85.63       6      25      67      23      56      39      55
    7       28.82       3      76      50       3
    8       98.98       9      94      95      92      16      61      99      96      89       1
    9      106.06       9      26      40       2      57      15      54      80      68      77
   10       61.40       7      10      62      19      11      63      90      32
   11       92.42       7      59     100      14      38      43      42      13
   12      102.22       8      69      18      60       5      84      83      46      48
   13       84.05       8      82       8      45      17      86      44      91      93
   14       78.26       8      52       6      85      98      37      97      87      58
   15       94.03       9      76      12      72      75      56      39      25      55      24
   16       55.13       6      33      79       3      29      34      78
   17       54.28       4      27      53      28      50
   18       80.10       8      21      73      74      22      41      23      67       4
   19       73.64       8       2      13       6      89      18      83      60      95
   20       77.07       5      11      63      64      49      36
   21       75.57       8      27      69      10      90      32      30      70       1
   22       92.02       9      28      76      33      81      51       9      34      68      80
   23       89.38       7      31      88      62      19      48      47      46
   24       47.98       8      42      14      44      91      85      98      37     100
   25       84.76       8      52       7      82       8      45      17      93      92
   26       46.31       5      57      87      97      96      94
   27       75.39       8      59      99       5      84      61      16      86      38
   28       66.86       8      23      67      39      56      75      74      73      22
   29       88.66       6      78      35      71      65      66      20
