101

VEHICLE
NUMBER     CAPACITY
   5         200

CUSTOMER
CUST NO.   XCOORD.   YCOORD.    DEMAND   READY TIME   DUE DATE   SERVICE TIME

   0          40      50           0           0         240           0
   1          25      85          20           0         191          10
   2          22      75          30           0         199          10
   3          22      85          10           0         190          10
   4          20      80          40         141         171          10
   5          20      85          20           0         189          10
   6          18      75          20           0         196          10
   7          15      75          20           0         194          10
   8          15      80          10          91         121          10
   9          10      35          20          91         121          10
  10          10      40          30           0         198          10
  11           8      40          40          59          89          10
  12           8      45          20           0         197          10
  13           5      35          10         142         172          10
  14           5      45          10           0         194          10
  15           2      40          20          58          88          10
  16           0      40          20           0         188          10
  17           0      45          20           0         189          10
  18          44       5          20           0         184          10
  19          42      10          40           0         189          10
  20          42      15          10           0         194          10
  21          40       5          10           0         185          10
  22          40      15          40           0         195          10
  23          38       5          30          65          95          10
  24          38      15          10           0         194          10
  25          35       5          20         154         184          10
  26          95      30          30           0         171          10
  27          95      35          20           0         172          10
  28          92      30          10           0         174          10
  29          90      35          10           0         177          10
  30          88      30          10           0         178          10
  31          88      35          20           0         179          10
  32          87      30          10           0         178          10
  33          85      25          10           0         178          10
  34          85      35          30           0         182          10
  35          67      85          20           0         185          10
  36          65      85          40           0         186          10
  37          65      82          10           0         189          10
  38          62      80          30          75         105          10
  39          60      80          10           0         193          10
  40          60      85          30           0         189          10
  41          58      75          20           0         199          10
  42          55      80          10           0         196          10
  43          55      85          20           0         191          10
  44          55      82          10          64          94          10
  45          20      82          10           0         192          10
  46          18      80          10           0         192          10
  47           2      45          10           0         191          10
  48          42       5          10           0         184          10
  49          42      12          10           0         191          10
  50          72      35          30           0         194          10
  51          55      20          19           0         196          10
  52          25      30           3           0         205          10
  53          20      50           5          91         121          10
  54          55      60          16           0         211          10
  55          30      60          16         140         170          10
  56          50      35          19           0         211          10
  57          30      25          23           0         203          10
  58          15      10          20         152         182          10
  59          10      20          19           0         187          10
  60          15      60          17           0         203          10
  61          45      65           9           0         214          10
  62          65      35           3          52          82          10
  63          65      20           6           0         190          10
  64          45      30          17           0         209          10
  65          35      40          16           0         218          10
  66          41      37          16           0         216          10
  67          64      42           9          70         100          10
  68          40      60          21           0         220          10
  69          31      52          27          41          71          10
  70          35      69          23           0         210          10
  71          65      55          14           0         204          10
  72          63      65           8           0         202          10
  73           2      60           5           0         190          10
  74          20      20           8         141         171          10
  75           5       5          16           0         172          10
  76          60      12          31          75         105          10
  77          23       3           7         150         180          10
  78           8      56          27           0         197          10
  79           6      68          30          89         119          10
  80          47      47          13           0         222          10
  81          49      58          10           0         217          10
  82          27      43           9           0         215          10
  83          37      31          14           0         210          10
  84          57      29          18          96         126          10
  85          63      23           2           0         194          10
  86          21      24          28           0         197          10
  87          12      24          13          90         120          10
  88          24      58          19           0         212          10
  89          67       5          25           0         177          10
  90          37      47           6           0         225          10
  91          49      42          13           0         217          10
  92          53      43          14          14          44          10
  93          61      52           3           0         208          10
  94          57      48          23           0         212          10
  95          56      37           6           0         209          10
  96          55      54          26           0         214          10
  97           4      18          35           0         181          10
  98          26      52           9           0         215          10
  99          26      35          15          77         107          10
 100          31      67           3         180         210          10

BID NUMBER
25

BID NO.	  BID COST	 CUST NUMBER 	COVERED CUSTOMERS
    0      133.60       8      71      62      51      76      89      63      85      93
    1      126.27       9      85      63      89      76      20      22      24      74      57
    2      119.52      11      81      61      42      44      43      40      36      35      37      72      93
    3       90.68       9      92      91      90      69      98      53      88      55      80
    4       60.64       8      51      18      48      21      23      25      19      49
    5      111.35       8      94      96      54      41      39      38      71      50
    6       88.80       6      24      57      99      86      74      25
    7       99.39       8      85      31      29      27      26      28      30      63
    8      116.33       7      82      88      60      79      73      78      52
    9       76.08       8      92      93      71      96      54      81      80      91
   10       58.89       5      76      51      20      22      49
   11       77.66       6      64      56      95      94      67      84
   12      105.51       6       2       5       3       1      70      90
   13      105.37       6      62      50      34      32      33      89
   14      105.08       7      65      69      98      53      55      68      66
   15       74.07       6      41      39      38      40      42      61
   16      108.25       7      85      63      76      89      33      32      50
   17       58.66       5      92      96      94      67      95
   18       82.42       6      65      82      10      11       9      13
   19       87.93       9      90      69      98      53      88      55      68      80      91
   20       72.12       8      62      34      31      29      27      26      28      30
   21       84.11       6      60      79       8       4       2     100
   22       70.40       8      20      18      48      21      23      25      24      64
   23       62.53       8      70       1       3       5      45      46       7       6
   24       64.49       5      22      49      19      51      84
