101

VEHICLE
NUMBER     CAPACITY
   6         200

CUSTOMER
CUST NO.   XCOORD.   YCOORD.    DEMAND   READY TIME   DUE DATE   SERVICE TIME

   0          40      50           0           0         240           0
   1          25      85          20           0         191          10
   2          22      75          30           0         199          10
   3          22      85          10           0         190          10
   4          20      80          40         141         171          10
   5          20      85          20           0         189          10
   6          18      75          20          95         125          10
   7          15      75          20           0         194          10
   8          15      80          10          91         121          10
   9          10      35          20          91         121          10
  10          10      40          30         119         149          10
  11           8      40          40          59          89          10
  12           8      45          20           0         197          10
  13           5      35          10         142         172          10
  14           5      45          10          35          65          10
  15           2      40          20          58          88          10
  16           0      40          20          72         102          10
  17           0      45          20         149         179          10
  18          44       5          20          87         117          10
  19          42      10          40          72         102          10
  20          42      15          10         122         152          10
  21          40       5          10           0         185          10
  22          40      15          40          92         122          10
  23          38       5          30          65          95          10
  24          38      15          10         148         178          10
  25          35       5          20         154         184          10
  26          95      30          30           0         171          10
  27          95      35          20          62          92          10
  28          92      30          10          62          92          10
  29          90      35          10          67          97          10
  30          88      30          10          74         104          10
  31          88      35          20           0         179          10
  32          87      30          10         131         161          10
  33          85      25          10          51          81          10
  34          85      35          30           0         182          10
  35          67      85          20         139         169          10
  36          65      85          40          43          73          10
  37          65      82          10           0         189          10
  38          62      80          30          75         105          10
  39          60      80          10          37          67          10
  40          60      85          30          85         115          10
  41          58      75          20          92         122          10
  42          55      80          10          33          63          10
  43          55      85          20         128         158          10
  44          55      82          10          64          94          10
  45          20      82          10          37          67          10
  46          18      80          10         113         143          10
  47           2      45          10          45          75          10
  48          42       5          10           0         184          10
  49          42      12          10         104         134          10
  50          72      35          30           0         194          10
  51          55      20          19          83         113          10
  52          25      30           3           0         205          10
  53          20      50           5          91         121          10
  54          55      60          16         139         169          10
  55          30      60          16         140         170          10
  56          50      35          19         130         160          10
  57          30      25          23          96         126          10
  58          15      10          20         152         182          10
  59          10      20          19           0         187          10
  60          15      60          17         155         185          10
  61          45      65           9          66          96          10
  62          65      35           3          52          82          10
  63          65      20           6          39          69          10
  64          45      30          17          53          83          10
  65          35      40          16          11          41          10
  66          41      37          16         133         163          10
  67          64      42           9          70         100          10
  68          40      60          21         144         174          10
  69          31      52          27          41          71          10
  70          35      69          23         180         210          10
  71          65      55          14          65          95          10
  72          63      65           8           0         202          10
  73           2      60           5          77         107          10
  74          20      20           8         141         171          10
  75           5       5          16           0         172          10
  76          60      12          31          75         105          10
  77          23       3           7         150         180          10
  78           8      56          27          90         120          10
  79           6      68          30          89         119          10
  80          47      47          13         192         222          10
  81          49      58          10          86         116          10
  82          27      43           9           0         215          10
  83          37      31          14           0         210          10
  84          57      29          18          96         126          10
  85          63      23           2           0         194          10
  86          21      24          28          87         117          10
  87          12      24          13          90         120          10
  88          24      58          19          67          97          10
  89          67       5          25         144         174          10
  90          37      47           6          86         116          10
  91          49      42          13           0         217          10
  92          53      43          14          14          44          10
  93          61      52           3         178         208          10
  94          57      48          23           0         212          10
  95          56      37           6           0         209          10
  96          55      54          26           0         214          10
  97           4      18          35         120         150          10
  98          26      52           9           0         215          10
  99          26      35          15          77         107          10
 100          31      67           3         180         210          10

BID NUMBER
29

BID NO.	  BID COST	 CUST NUMBER 	COVERED CUSTOMERS
    0      103.33       7      50      33      28      30      32      34      94
    1       72.72       6      39      36      38      41      72      54
    2       92.17       8      91      95      62      67      71      72      54      96
    3       97.11       5      36      39      61      81      68
    4      118.61       9      92      50      33      29      31      34      93      94      80
    5       67.78       8      42      44      40      38      41      43      35      37
    6      103.28       6      27      26      28      30      32      89
    7      155.65       7      64      51      76      85      95      91     100
    8       47.28       6      39      36      38      44      40      43
    9      101.55       5      27      26      31      34      93
   10       89.97       6      94      62      67      84      56      66
   11       89.99       6      42      71      72      41      37      35
   12      109.64       8       5       3       1      61      81      90      55       2
   13      159.78       5      96      29      54      68      70
   14       14.00       3      19      49      20
   15       31.92       5      34      31      29      27      26
   16      121.16       5      50      71      81      41      93
   17       56.54       2      51      18
   18       58.71       4      63      62      67      84
   19       67.27       4      64      90      66      56
   20       93.56       4      69      78       6      55
   21      151.65       5      85      72      38      37      35
   22       66.80       5      88       7       8      46       2
   23       75.84       4      92      61      68      91
   24      105.45       6      94      44      40      43      54      96
   25      147.86       5      95       1       3       5       4
   26      155.59       5       2      62      84      56      66
   27      114.85       4       5      36      35      37
   28       49.77       9      48      21      23      19      49      22      20      24      25
