101

VEHICLE
NUMBER     CAPACITY
   2        1000

CUSTOMER
CUST NO.   XCOORD.   YCOORD.    DEMAND   READY TIME   DUE DATE   SERVICE TIME

   0          40      50           0       0         960           0
   1          25      85          20       0         911          10
   2          22      75          30       0         919          10
   3          22      85          10       0         910          10
   4          20      80          40     644         764          10
   5          20      85          20       0         909          10
   6          18      75          20     388         508          10
   7          15      75          20       0         914          10
   8          15      80          10     367         487          10
   9          10      35          20     371         491          10
  10          10      40          30     519         639          10
  11           8      40          40     195         315          10
  12           8      45          20       0         917          10
  13           5      35          10     653         773          10
  14           5      45          10      35         155          10
  15           2      40          20     174         294          10
  16           0      40          20     255         375          10
  17           0      45          20     703         823          10
  18          44       5          20     335         455          10
  19          42      10          40     254         374          10
  20          42      15          10     537         657          10
  21          40       5          10       0         905          10
  22          40      15          40     375         495          10
  23          38       5          30     201         321          10
  24          38      15          10     681         801          10
  25          35       5          20     784         904          10
  26          95      30          30       0         891          10
  27          95      35          20     146         266          10
  28          92      30          10     149         269          10
  29          90      35          10     194         314          10
  30          88      30          10     246         366          10
  31          88      35          20       0         899          10
  32          87      30          10     621         741          10
  33          85      25          10      80         200          10
  34          85      35          30       0         902          10
  35          67      85          20     657         777          10
  36          65      85          40      43         163          10
  37          65      82          10       0         909          10
  38          62      80          30     278         398          10
  39          60      80          10      64         184          10
  40          60      85          30     329         449          10
  41          58      75          20     376         496          10
  42          55      80          10      33         153          10
  43          55      85          20     574         694          10
  44          55      82          10     217         337          10
  45          20      82          10      37         157          10
  46          18      80          10     489         609          10
  47           2      45          10     105         225          10
  48          42       5          10       0         904          10
  49          42      12          10     440         560          10
  50          72      35          30       0         914          10
  51          55      20          19     326         446          10
  52          25      30           3       0         925          10
  53          20      50           5     375         495          10
  54          55      60          16     601         721          10
  55          30      60          16     599         719          10
  56          50      35          19     557         677          10
  57          30      25          23     397         517          10
  58          15      10          20     782         902          10
  59          10      20          19       0         907          10
  60          15      60          17     694         814          10
  61          45      65           9     258         378          10
  62          65      35           3     167         287          10
  63          65      20           6      39         159          10
  64          45      30          17     191         311          10
  65          35      40          16      11         131          10
  66          41      37          16     566         686          10
  67          64      42           9     268         388          10
  68          40      60          21     612         732          10
  69          31      52          27     157         277          10
  70          35      69          23     810         930          10
  71          65      55          14     241         361          10
  72          63      65           8       0         922          10
  73           2      60           5     286         406          10
  74          20      20           8     645         765          10
  75           5       5          16       0         892          10
  76          60      12          31     268         388          10
  77          23       3           7     764         884          10
  78           8      56          27     365         485          10
  79           6      68          30     352         472          10
  80          47      47          13     822         942          10
  81          49      58          10     355         475          10
  82          27      43           9       0         935          10
  83          37      31          14       0         930          10
  84          57      29          18     395         515          10
  85          63      23           2       0         914          10
  86          21      24          28     349         469          10
  87          12      24          13     359         479          10
  88          24      58          19     260         380          10
  89          67       5          25     713         833          10
  90          37      47           6     359         479          10
  91          49      42          13       0         937          10
  92          53      43          14      14         134          10
  93          61      52           3     808         928          10
  94          57      48          23       0         932          10
  95          56      37           6       0         929          10
  96          55      54          26       0         934          10
  97           4      18          35     547         667          10
  98          26      52           9       0         935          10
  99          26      35          15     308         428          10
 100          31      67           3     810         930          10

BID NUMBER
29

BID NO.	  BID COST	 CUST NUMBER 	COVERED CUSTOMERS
    0      103.33       7      50      33      28      30      32      34      94
    1       72.72       6      39      36      38      41      72      54
    2       92.17       8      91      95      62      67      71      72      54      96
    3       97.11       5      36      39      61      81      68
    4      118.61       9      92      50      33      29      31      34      93      94      80
    5       67.78       8      42      44      40      38      41      43      35      37
    6      103.28       6      27      26      28      30      32      89
    7      155.65       7      64      51      76      85      95      91     100
    8       47.28       6      39      36      38      44      40      43
    9      101.55       5      27      26      31      34      93
   10       89.97       6      94      62      67      84      56      66
   11       89.99       6      42      71      72      41      37      35
   12      109.64       8       5       3       1      61      81      90      55       2
   13      159.78       5      96      29      54      68      70
   14       14.00       3      19      49      20
   15       31.92       5      34      31      29      27      26
   16      121.16       5      50      71      81      41      93
   17       56.54       2      51      18
   18       58.71       4      63      62      67      84
   19       67.27       4      64      90      66      56
   20       93.56       4      69      78       6      55
   21      151.65       5      85      72      38      37      35
   22       66.80       5      88       7       8      46       2
   23       75.84       4      92      61      68      91
   24      105.45       6      94      44      40      43      54      96
   25      147.86       5      95       1       3       5       4
   26      155.59       5       2      62      84      56      66
   27      114.85       4       5      36      35      37
   28       49.77       9      48      21      23      19      49      22      20      24      25
